recordid,rank,uid,jobid,start_time,end_time,filename,fstype,mountpt,BGQ_CSJOBID,BGQ_NNODES,BGQ_RANKSPERNODE,BGQ_DDRPERNODE,BGQ_INODES,BGQ_ANODES,BGQ_BNODES,BGQ_CNODES,BGQ_DNODES,BGQ_ENODES,BGQ_TORUSENABLED,BGQ_F_TIMESTAMP,H5D_OPENS,H5D_READS,H5D_WRITES,H5D_FLUSHES,H5D_BYTES_READ,H5D_BYTES_WRITTEN,H5D_RW_SWITCHES,H5D_REGULAR_HYPERSLAB_SELECTS,H5D_IRREGULAR_HYPERSLAB_SELECTS,H5D_POINT_SELECTS,H5D_MAX_READ_TIME_SIZE,H5D_MAX_WRITE_TIME_SIZE,H5D_SIZE_READ_AGG_0_100,H5D_SIZE_READ_AGG_100_1K,H5D_SIZE_READ_AGG_1K_10K,H5D_SIZE_READ_AGG_10K_100K,H5D_SIZE_READ_AGG_100K_1M,H5D_SIZE_READ_AGG_1M_4M,H5D_SIZE_READ_AGG_4M_10M,H5D_SIZE_READ_AGG_10M_100M,H5D_SIZE_READ_AGG_100M_1G,H5D_SIZE_READ_AGG_1G_PLUS,H5D_SIZE_WRITE_AGG_0_100,H5D_SIZE_WRITE_AGG_100_1K,H5D_SIZE_WRITE_AGG_1K_10K,H5D_SIZE_WRITE_AGG_10K_100K,H5D_SIZE_WRITE_AGG_100K_1M,H5D_SIZE_WRITE_AGG_1M_4M,H5D_SIZE_WRITE_AGG_4M_10M,H5D_SIZE_WRITE_AGG_10M_100M,H5D_SIZE_WRITE_AGG_100M_1G,H5D_SIZE_WRITE_AGG_1G_PLUS,H5D_ACCESS1_ACCESS,H5D_ACCESS1_LENGTH_D1,H5D_ACCESS1_LENGTH_D2,H5D_ACCESS1_LENGTH_D3,H5D_ACCESS1_LENGTH_D4,H5D_ACCESS1_LENGTH_D5,H5D_ACCESS1_STRIDE_D1,H5D_ACCESS1_STRIDE_D2,H5D_ACCESS1_STRIDE_D3,H5D_ACCESS1_STRIDE_D4,H5D_ACCESS1_STRIDE_D5,H5D_ACCESS2_ACCESS,H5D_ACCESS2_LENGTH_D1,H5D_ACCESS2_LENGTH_D2,H5D_ACCESS2_LENGTH_D3,H5D_ACCESS2_LENGTH_D4,H5D_ACCESS2_LENGTH_D5,H5D_ACCESS2_STRIDE_D1,H5D_ACCESS2_STRIDE_D2,H5D_ACCESS2_STRIDE_D3,H5D_ACCESS2_STRIDE_D4,H5D_ACCESS2_STRIDE_D5,H5D_ACCESS3_ACCESS,H5D_ACCESS3_LENGTH_D1,H5D_ACCESS3_LENGTH_D2,H5D_ACCESS3_LENGTH_D3,H5D_ACCESS3_LENGTH_D4,H5D_ACCESS3_LENGTH_D5,H5D_ACCESS3_STRIDE_D1,H5D_ACCESS3_STRIDE_D2,H5D_ACCESS3_STRIDE_D3,H5D_ACCESS3_STRIDE_D4,H5D_ACCESS3_STRIDE_D5,H5D_ACCESS4_ACCESS,H5D_ACCESS4_LENGTH_D1,H5D_ACCESS4_LENGTH_D2,H5D_ACCESS4_LENGTH_D3,H5D_ACCESS4_LENGTH_D4,H5D_ACCESS4_LENGTH_D5,H5D_ACCESS4_STRIDE_D1,H5D_ACCESS4_STRIDE_D2,H5D_ACCESS4_STRIDE_D3,H5D_ACCESS4_STRIDE_D4,H5D_ACCESS4_STRIDE_D5,H5D_ACCESS1_COUNT,H5D_ACCESS2_COUNT,H5D_ACCESS3_COUNT,H5D_ACCESS4_COUNT,H5D_DATASPACE_NDIMS,H5D_DATASPACE_NPOINTS,H5D_DATATYPE_SIZE,H5D_CHUNK_SIZE_D1,H5D_CHUNK_SIZE_D2,H5D_CHUNK_SIZE_D3,H5D_CHUNK_SIZE_D4,H5D_CHUNK_SIZE_D5,H5D_USE_MPIIO_COLLECTIVE,H5D_USE_DEPRECATED,H5D_FASTEST_RANK,H5D_FASTEST_RANK_BYTES,H5D_SLOWEST_RANK,H5D_SLOWEST_RANK_BYTES,H5D_F_OPEN_START_TIMESTAMP,H5D_F_READ_START_TIMESTAMP,H5D_F_WRITE_START_TIMESTAMP,H5D_F_CLOSE_START_TIMESTAMP,H5D_F_OPEN_END_TIMESTAMP,H5D_F_READ_END_TIMESTAMP,H5D_F_WRITE_END_TIMESTAMP,H5D_F_CLOSE_END_TIMESTAMP,H5D_F_READ_TIME,H5D_F_WRITE_TIME,H5D_F_META_TIME,H5D_F_MAX_READ_TIME,H5D_F_MAX_WRITE_TIME,H5D_F_FASTEST_RANK_TIME,H5D_F_SLOWEST_RANK_TIME,H5D_F_VARIANCE_RANK_TIME,H5D_F_VARIANCE_RANK_BYTES,H5F_OPENS,H5F_FLUSHES,H5F_USE_MPIIO,H5F_F_OPEN_START_TIMESTAMP,H5F_F_CLOSE_START_TIMESTAMP,H5F_F_OPEN_END_TIMESTAMP,H5F_F_CLOSE_END_TIMESTAMP,H5F_F_META_TIME,LUSTRE_OSTS,LUSTRE_MDTS,LUSTRE_STRIPE_OFFSET,LUSTRE_STRIPE_SIZE,LUSTRE_STRIPE_WIDTH,MPIIO_INDEP_OPENS,MPIIO_COLL_OPENS,MPIIO_INDEP_READS,MPIIO_INDEP_WRITES,MPIIO_COLL_READS,MPIIO_COLL_WRITES,MPIIO_SPLIT_READS,MPIIO_SPLIT_WRITES,MPIIO_NB_READS,MPIIO_NB_WRITES,MPIIO_SYNCS,MPIIO_HINTS,MPIIO_VIEWS,MPIIO_MODE,MPIIO_BYTES_READ,MPIIO_BYTES_WRITTEN,MPIIO_RW_SWITCHES,MPIIO_MAX_READ_TIME_SIZE,MPIIO_MAX_WRITE_TIME_SIZE,MPIIO_SIZE_READ_AGG_0_100,MPIIO_SIZE_READ_AGG_100_1K,MPIIO_SIZE_READ_AGG_1K_10K,MPIIO_SIZE_READ_AGG_10K_100K,MPIIO_SIZE_READ_AGG_100K_1M,MPIIO_SIZE_READ_AGG_1M_4M,MPIIO_SIZE_READ_AGG_4M_10M,MPIIO_SIZE_READ_AGG_10M_100M,MPIIO_SIZE_READ_AGG_100M_1G,MPIIO_SIZE_READ_AGG_1G_PLUS,MPIIO_SIZE_WRITE_AGG_0_100,MPIIO_SIZE_WRITE_AGG_100_1K,MPIIO_SIZE_WRITE_AGG_1K_10K,MPIIO_SIZE_WRITE_AGG_10K_100K,MPIIO_SIZE_WRITE_AGG_100K_1M,MPIIO_SIZE_WRITE_AGG_1M_4M,MPIIO_SIZE_WRITE_AGG_4M_10M,MPIIO_SIZE_WRITE_AGG_10M_100M,MPIIO_SIZE_WRITE_AGG_100M_1G,MPIIO_SIZE_WRITE_AGG_1G_PLUS,MPIIO_ACCESS1_ACCESS,MPIIO_ACCESS2_ACCESS,MPIIO_ACCESS3_ACCESS,MPIIO_ACCESS4_ACCESS,MPIIO_ACCESS1_COUNT,MPIIO_ACCESS2_COUNT,MPIIO_ACCESS3_COUNT,MPIIO_ACCESS4_COUNT,MPIIO_FASTEST_RANK,MPIIO_FASTEST_RANK_BYTES,MPIIO_SLOWEST_RANK,MPIIO_SLOWEST_RANK_BYTES,MPIIO_F_OPEN_START_TIMESTAMP,MPIIO_F_READ_START_TIMESTAMP,MPIIO_F_WRITE_START_TIMESTAMP,MPIIO_F_CLOSE_START_TIMESTAMP,MPIIO_F_OPEN_END_TIMESTAMP,MPIIO_F_READ_END_TIMESTAMP,MPIIO_F_WRITE_END_TIMESTAMP,MPIIO_F_CLOSE_END_TIMESTAMP,MPIIO_F_READ_TIME,MPIIO_F_WRITE_TIME,MPIIO_F_META_TIME,MPIIO_F_MAX_READ_TIME,MPIIO_F_MAX_WRITE_TIME,MPIIO_F_FASTEST_RANK_TIME,MPIIO_F_SLOWEST_RANK_TIME,MPIIO_F_VARIANCE_RANK_TIME,MPIIO_F_VARIANCE_RANK_BYTES,PNETCDF_FILE_CREATES,PNETCDF_FILE_OPENS,PNETCDF_FILE_REDEFS,PNETCDF_FILE_INDEP_WAITS,PNETCDF_FILE_COLL_WAITS,PNETCDF_FILE_SYNCS,PNETCDF_FILE_BYTES_READ,PNETCDF_FILE_BYTES_WRITTEN,PNETCDF_FILE_WAIT_FAILURES,PNETCDF_FILE_F_OPEN_START_TIMESTAMP,PNETCDF_FILE_F_CLOSE_START_TIMESTAMP,PNETCDF_FILE_F_WAIT_START_TIMESTAMP,PNETCDF_FILE_F_OPEN_END_TIMESTAMP,PNETCDF_FILE_F_CLOSE_END_TIMESTAMP,PNETCDF_FILE_F_WAIT_END_TIMESTAMP,PNETCDF_FILE_F_META_TIME,PNETCDF_FILE_F_WAIT_TIME,PNETCDF_VAR_OPENS,PNETCDF_VAR_INDEP_READS,PNETCDF_VAR_INDEP_WRITES,PNETCDF_VAR_COLL_READS,PNETCDF_VAR_COLL_WRITES,PNETCDF_VAR_NB_READS,PNETCDF_VAR_NB_WRITES,PNETCDF_VAR_BYTES_READ,PNETCDF_VAR_BYTES_WRITTEN,PNETCDF_VAR_RW_SWITCHES,PNETCDF_VAR_PUT_VAR,PNETCDF_VAR_PUT_VAR1,PNETCDF_VAR_PUT_VARA,PNETCDF_VAR_PUT_VARS,PNETCDF_VAR_PUT_VARM,PNETCDF_VAR_PUT_VARN,PNETCDF_VAR_PUT_VARD,PNETCDF_VAR_GET_VAR,PNETCDF_VAR_GET_VAR1,PNETCDF_VAR_GET_VARA,PNETCDF_VAR_GET_VARS,PNETCDF_VAR_GET_VARM,PNETCDF_VAR_GET_VARN,PNETCDF_VAR_GET_VARD,PNETCDF_VAR_IPUT_VAR,PNETCDF_VAR_IPUT_VAR1,PNETCDF_VAR_IPUT_VARA,PNETCDF_VAR_IPUT_VARS,PNETCDF_VAR_IPUT_VARM,PNETCDF_VAR_IPUT_VARN,PNETCDF_VAR_IGET_VAR,PNETCDF_VAR_IGET_VAR1,PNETCDF_VAR_IGET_VARA,PNETCDF_VAR_IGET_VARS,PNETCDF_VAR_IGET_VARM,PNETCDF_VAR_IGET_VARN,PNETCDF_VAR_BPUT_VAR,PNETCDF_VAR_BPUT_VAR1,PNETCDF_VAR_BPUT_VARA,PNETCDF_VAR_BPUT_VARS,PNETCDF_VAR_BPUT_VARM,PNETCDF_VAR_BPUT_VARN,PNETCDF_VAR_MAX_READ_TIME_SIZE,PNETCDF_VAR_MAX_WRITE_TIME_SIZE,PNETCDF_VAR_SIZE_READ_AGG_0_100,PNETCDF_VAR_SIZE_READ_AGG_100_1K,PNETCDF_VAR_SIZE_READ_AGG_1K_10K,PNETCDF_VAR_SIZE_READ_AGG_10K_100K,PNETCDF_VAR_SIZE_READ_AGG_100K_1M,PNETCDF_VAR_SIZE_READ_AGG_1M_4M,PNETCDF_VAR_SIZE_READ_AGG_4M_10M,PNETCDF_VAR_SIZE_READ_AGG_10M_100M,PNETCDF_VAR_SIZE_READ_AGG_100M_1G,PNETCDF_VAR_SIZE_READ_AGG_1G_PLUS,PNETCDF_VAR_SIZE_WRITE_AGG_0_100,PNETCDF_VAR_SIZE_WRITE_AGG_100_1K,PNETCDF_VAR_SIZE_WRITE_AGG_1K_10K,PNETCDF_VAR_SIZE_WRITE_AGG_10K_100K,PNETCDF_VAR_SIZE_WRITE_AGG_100K_1M,PNETCDF_VAR_SIZE_WRITE_AGG_1M_4M,PNETCDF_VAR_SIZE_WRITE_AGG_4M_10M,PNETCDF_VAR_SIZE_WRITE_AGG_10M_100M,PNETCDF_VAR_SIZE_WRITE_AGG_100M_1G,PNETCDF_VAR_SIZE_WRITE_AGG_1G_PLUS,PNETCDF_VAR_ACCESS1_ACCESS,PNETCDF_VAR_ACCESS1_LENGTH_D1,PNETCDF_VAR_ACCESS1_LENGTH_D2,PNETCDF_VAR_ACCESS1_LENGTH_D3,PNETCDF_VAR_ACCESS1_LENGTH_D4,PNETCDF_VAR_ACCESS1_LENGTH_D5,PNETCDF_VAR_ACCESS1_STRIDE_D1,PNETCDF_VAR_ACCESS1_STRIDE_D2,PNETCDF_VAR_ACCESS1_STRIDE_D3,PNETCDF_VAR_ACCESS1_STRIDE_D4,PNETCDF_VAR_ACCESS1_STRIDE_D5,PNETCDF_VAR_ACCESS2_ACCESS,PNETCDF_VAR_ACCESS2_LENGTH_D1,PNETCDF_VAR_ACCESS2_LENGTH_D2,PNETCDF_VAR_ACCESS2_LENGTH_D3,PNETCDF_VAR_ACCESS2_LENGTH_D4,PNETCDF_VAR_ACCESS2_LENGTH_D5,PNETCDF_VAR_ACCESS2_STRIDE_D1,PNETCDF_VAR_ACCESS2_STRIDE_D2,PNETCDF_VAR_ACCESS2_STRIDE_D3,PNETCDF_VAR_ACCESS2_STRIDE_D4,PNETCDF_VAR_ACCESS2_STRIDE_D5,PNETCDF_VAR_ACCESS3_ACCESS,PNETCDF_VAR_ACCESS3_LENGTH_D1,PNETCDF_VAR_ACCESS3_LENGTH_D2,PNETCDF_VAR_ACCESS3_LENGTH_D3,PNETCDF_VAR_ACCESS3_LENGTH_D4,PNETCDF_VAR_ACCESS3_LENGTH_D5,PNETCDF_VAR_ACCESS3_STRIDE_D1,PNETCDF_VAR_ACCESS3_STRIDE_D2,PNETCDF_VAR_ACCESS3_STRIDE_D3,PNETCDF_VAR_ACCESS3_STRIDE_D4,PNETCDF_VAR_ACCESS3_STRIDE_D5,PNETCDF_VAR_ACCESS4_ACCESS,PNETCDF_VAR_ACCESS4_LENGTH_D1,PNETCDF_VAR_ACCESS4_LENGTH_D2,PNETCDF_VAR_ACCESS4_LENGTH_D3,PNETCDF_VAR_ACCESS4_LENGTH_D4,PNETCDF_VAR_ACCESS4_LENGTH_D5,PNETCDF_VAR_ACCESS4_STRIDE_D1,PNETCDF_VAR_ACCESS4_STRIDE_D2,PNETCDF_VAR_ACCESS4_STRIDE_D3,PNETCDF_VAR_ACCESS4_STRIDE_D4,PNETCDF_VAR_ACCESS4_STRIDE_D5,PNETCDF_VAR_ACCESS1_COUNT,PNETCDF_VAR_ACCESS2_COUNT,PNETCDF_VAR_ACCESS3_COUNT,PNETCDF_VAR_ACCESS4_COUNT,PNETCDF_VAR_NDIMS,PNETCDF_VAR_NPOINTS,PNETCDF_VAR_DATATYPE_SIZE,PNETCDF_VAR_IS_RECORD_VAR,PNETCDF_VAR_FASTEST_RANK,PNETCDF_VAR_FASTEST_RANK_BYTES,PNETCDF_VAR_SLOWEST_RANK,PNETCDF_VAR_SLOWEST_RANK_BYTES,PNETCDF_VAR_F_OPEN_START_TIMESTAMP,PNETCDF_VAR_F_READ_START_TIMESTAMP,PNETCDF_VAR_F_WRITE_START_TIMESTAMP,PNETCDF_VAR_F_CLOSE_START_TIMESTAMP,PNETCDF_VAR_F_OPEN_END_TIMESTAMP,PNETCDF_VAR_F_READ_END_TIMESTAMP,PNETCDF_VAR_F_WRITE_END_TIMESTAMP,PNETCDF_VAR_F_CLOSE_END_TIMESTAMP,PNETCDF_VAR_F_READ_TIME,PNETCDF_VAR_F_WRITE_TIME,PNETCDF_VAR_F_META_TIME,PNETCDF_VAR_F_MAX_READ_TIME,PNETCDF_VAR_F_MAX_WRITE_TIME,PNETCDF_VAR_F_FASTEST_RANK_TIME,PNETCDF_VAR_F_SLOWEST_RANK_TIME,PNETCDF_VAR_F_VARIANCE_RANK_TIME,PNETCDF_VAR_F_VARIANCE_RANK_BYTES,POSIX_OPENS,POSIX_FILENOS,POSIX_DUPS,POSIX_READS,POSIX_WRITES,POSIX_SEEKS,POSIX_STATS,POSIX_MMAPS,POSIX_FSYNCS,POSIX_FDSYNCS,POSIX_RENAME_SOURCES,POSIX_RENAME_TARGETS,POSIX_RENAMED_FROM,POSIX_MODE,POSIX_BYTES_READ,POSIX_BYTES_WRITTEN,POSIX_MAX_BYTE_READ,POSIX_MAX_BYTE_WRITTEN,POSIX_CONSEC_READS,POSIX_CONSEC_WRITES,POSIX_SEQ_READS,POSIX_SEQ_WRITES,POSIX_RW_SWITCHES,POSIX_MEM_NOT_ALIGNED,POSIX_MEM_ALIGNMENT,POSIX_FILE_NOT_ALIGNED,POSIX_FILE_ALIGNMENT,POSIX_MAX_READ_TIME_SIZE,POSIX_MAX_WRITE_TIME_SIZE,POSIX_SIZE_READ_0_100,POSIX_SIZE_READ_100_1K,POSIX_SIZE_READ_1K_10K,POSIX_SIZE_READ_10K_100K,POSIX_SIZE_READ_100K_1M,POSIX_SIZE_READ_1M_4M,POSIX_SIZE_READ_4M_10M,POSIX_SIZE_READ_10M_100M,POSIX_SIZE_READ_100M_1G,POSIX_SIZE_READ_1G_PLUS,POSIX_SIZE_WRITE_0_100,POSIX_SIZE_WRITE_100_1K,POSIX_SIZE_WRITE_1K_10K,POSIX_SIZE_WRITE_10K_100K,POSIX_SIZE_WRITE_100K_1M,POSIX_SIZE_WRITE_1M_4M,POSIX_SIZE_WRITE_4M_10M,POSIX_SIZE_WRITE_10M_100M,POSIX_SIZE_WRITE_100M_1G,POSIX_SIZE_WRITE_1G_PLUS,POSIX_STRIDE1_STRIDE,POSIX_STRIDE2_STRIDE,POSIX_STRIDE3_STRIDE,POSIX_STRIDE4_STRIDE,POSIX_STRIDE1_COUNT,POSIX_STRIDE2_COUNT,POSIX_STRIDE3_COUNT,POSIX_STRIDE4_COUNT,POSIX_ACCESS1_ACCESS,POSIX_ACCESS2_ACCESS,POSIX_ACCESS3_ACCESS,POSIX_ACCESS4_ACCESS,POSIX_ACCESS1_COUNT,POSIX_ACCESS2_COUNT,POSIX_ACCESS3_COUNT,POSIX_ACCESS4_COUNT,POSIX_FASTEST_RANK,POSIX_FASTEST_RANK_BYTES,POSIX_SLOWEST_RANK,POSIX_SLOWEST_RANK_BYTES,POSIX_F_OPEN_START_TIMESTAMP,POSIX_F_READ_START_TIMESTAMP,POSIX_F_WRITE_START_TIMESTAMP,POSIX_F_CLOSE_START_TIMESTAMP,POSIX_F_OPEN_END_TIMESTAMP,POSIX_F_READ_END_TIMESTAMP,POSIX_F_WRITE_END_TIMESTAMP,POSIX_F_CLOSE_END_TIMESTAMP,POSIX_F_READ_TIME,POSIX_F_WRITE_TIME,POSIX_F_META_TIME,POSIX_F_MAX_READ_TIME,POSIX_F_MAX_WRITE_TIME,POSIX_F_FASTEST_RANK_TIME,POSIX_F_SLOWEST_RANK_TIME,POSIX_F_VARIANCE_RANK_TIME,POSIX_F_VARIANCE_RANK_BYTES,STDIO_OPENS,STDIO_FDOPENS,STDIO_READS,STDIO_WRITES,STDIO_SEEKS,STDIO_FLUSHES,STDIO_BYTES_WRITTEN,STDIO_BYTES_READ,STDIO_MAX_BYTE_READ,STDIO_MAX_BYTE_WRITTEN,STDIO_FASTEST_RANK,STDIO_FASTEST_RANK_BYTES,STDIO_SLOWEST_RANK,STDIO_SLOWEST_RANK_BYTES,STDIO_F_META_TIME,STDIO_F_WRITE_TIME,STDIO_F_READ_TIME,STDIO_F_OPEN_START_TIMESTAMP,STDIO_F_CLOSE_START_TIMESTAMP,STDIO_F_WRITE_START_TIMESTAMP,STDIO_F_READ_START_TIMESTAMP,STDIO_F_OPEN_END_TIMESTAMP,STDIO_F_CLOSE_END_TIMESTAMP,STDIO_F_WRITE_END_TIMESTAMP,STDIO_F_READ_END_TIMESTAMP,STDIO_F_FASTEST_RANK_TIME,STDIO_F_SLOWEST_RANK_TIME,STDIO_F_VARIANCE_RANK_TIME,STDIO_F_VARIANCE_RANK_BYTES
13411409884731059583,-1,5e4a09c72949f70c2bab629d3baca2d8,1098494,1624296979,1624301729,96f9e3f6d71533c949f13fd24746db2c,nfs,/autofs/nccs-svm1_sw,,,,,,,,,,,,,,,,,,,,,,,,,,,,,,,,,,,,,,,,,,,,,,,,,,,,,,,,,,,,,,,,,,,,,,,,,,,,,,,,,,,,,,,,,,,,,,,,,,,,,,,,,,,,,,,,,,,,,,,,,,,,,,,,,,,,,,,,,,,,,,,,,,,,,,,,,,,,,,,,,,,,,,,,,,,,,,,,,,,,,,,,,,,,,,,,,,,,,,,,,,,,,,,,,,,,,,,,,,,,,,,,,,,,,,,,,,,,,,,,,,,,,,,,,,,,,,,,,,,,,,,,,,,,,,,,,,,,,,,,,,,,,,,,,,,,,,,,,,,,,,,,,,,,,,,,,,,,,,,,,,,,,,,,,,,,,,,,,,,,,,,,,,,,,,,,,,,,,,,0.0,0.0,0.0,0.0,0.0,0.0,84.0,-1.0,0.0,0.0,0.0,0.0,0.0,0.0,0.0,0.0,0.0,0.0,0.0,0.0,0.0,0.0,0.0,0.0,8.0,0.0,65536.0,0.0,0.0,0.0,0.0,0.0,0.0,0.0,0.0,0.0,0.0,0.0,0.0,0.0,0.0,0.0,0.0,0.0,0.0,0.0,0.0,0.0,0.0,0.0,0.0,0.0,0.0,0.0,0.0,0.0,0.0,0.0,0.0,0.0,0.0,0.0,0.0,0.0,0.0,78.0,0.0,83.0,0.0,0.0,0.0,0.0,0.0,0.0,0.0,0.0,0.0,0.0,0.0,0.0017447340000007472,0.0,0.0,1.0833999999348976e-05,6.320500000001061e-05,1.5304220927618263e-10,0.0,,,,,,,,,,,,,,,,,,,,,,,,,,,,,
16593465387211482248,-1,5e4a09c72949f70c2bab629d3baca2d8,1098494,1624296979,1624301729,7bf83b5d88001f994d047cb73c9cb22e,nfs,/autofs/nccs-svm1_sw,,,,,,,,,,,,,,,,,,,,,,,,,,,,,,,,,,,,,,,,,,,,,,,,,,,,,,,,,,,,,,,,,,,,,,,,,,,,,,,,,,,,,,,,,,,,,,,,,,,,,,,,,,,,,,,,,,,,,,,,,,,,,,,,,,,,,,,,,,,,,,,,,,,,,,,,,,,,,,,,,,,,,,,,,,,,,,,,,,,,,,,,,,,,,,,,,,,,,,,,,,,,,,,,,,,,,,,,,,,,,,,,,,,,,,,,,,,,,,,,,,,,,,,,,,,,,,,,,,,,,,,,,,,,,,,,,,,,,,,,,,,,,,,,,,,,,,,,,,,,,,,,,,,,,,,,,,,,,,,,,,,,,,,,,,,,,,,,,,,,,,,,,,,,,,,,,,,,,,,0.0,0.0,0.0,0.0,0.0,0.0,84.0,-1.0,0.0,0.0,0.0,0.0,0.0,0.0,0.0,0.0,0.0,0.0,0.0,0.0,0.0,0.0,0.0,0.0,8.0,0.0,65536.0,0.0,0.0,0.0,0.0,0.0,0.0,0.0,0.0,0.0,0.0,0.0,0.0,0.0,0.0,0.0,0.0,0.0,0.0,0.0,0.0,0.0,0.0,0.0,0.0,0.0,0.0,0.0,0.0,0.0,0.0,0.0,0.0,0.0,0.0,0.0,0.0,0.0,0.0,30.0,0.0,74.0,0.0,0.0,0.0,0.0,0.0,0.0,0.0,0.0,0.0,0.0,0.0,0.0009717999999985238,0.0,0.0,9.474000000508909e-06,1.3636000000261106e-05,6.836184738950247e-13,0.0,,,,,,,,,,,,,,,,,,,,,,,,,,,,,
213301352113915621,0,5e4a09c72949f70c2bab629d3baca2d8,1098494,1624296979,1624301729,a563a81babd776bc99bd6891e05fbaa5,gpfs,/gpfs/alpine,,,,,,,,,,,,,,,,,,,,,,,,,,,,,,,,,,,,,,,,,,,,,,,,,,,,,,,,,,,,,,,,,,,,,,,,,,,,,,,,,,,,,,,,,,,,,,,,,,,,,,,,,,,,,,,,,,,,,,,,,,,,,,,,,,,,,,,,,,,,,,,,,,,,,,,,,,,,,,,,,,,,,,,,,,,,,,,,,,,,,,,,,,,,,,,,,,,,,,,,,,,,,,,,,,,,,,,,,,,,,,,,,,,,,,,,,,,,,,,,,,,,,,,,,,,,,,,,,,,,,,,,,,,,,,,,,,,,,,,,,,,,,,,,,,,,,,,,,,,,,,,,,,,,,,,,,,,,,,,,,,,,,,,,,,,,,,,,,,,,,,,,,,,,,,,,,,,,,,,,,,,,,,,,,,,,,,,,,,,,,,,,,,,,,,,,,,,,,,,,,,,,,,,,,,,,,,,,,,,,,,,,,,,,,,,,,,,,,,,,,,,,,1.0,0.0,0.0,93.0,0.0,1.0,15165780.0,0.0,0.0,15165779.0,0.0,0.0,0.0,0.0,0.0006535049997182796,0.0029354620064623305,0.0,4747.970183204,4747.987098683,4747.97075113,0.0,4747.970669478,4747.987265914,4747.987098078,0.0,0.0,0.0,0.0,0.0
329969782254150191,0,5e4a09c72949f70c2bab629d3baca2d8,1098494,1624296979,1624301729,5271c83f76eac16500c8021478d9a3d2,gpfs,/gpfs/alpine,,,,,,,,,,,,,,,,,,,,,,,,,,,,,,,,,,,,,,,,,,,,,,,,,,,,,,,,,,,,,,,,,,,,,,,,,,,,,,,,,,,,,,,,,,,,,,,,,,,,,,,,,,,,,,,,,,,,,,,,,,,,,,,,,,,,,,,,,,,,,,,,,,,,,,,,,,,,,,,,,,,,,,,,,,,,,,,,,,,,,,,,,,,,,,,,,,,,,,,,,,,,,,,,,,,,,,,,,,,,,,,,,,,,,,,,,,,,,,,,,,,,,,,,,,,,,,,,,,,,,,,,,,,,,,,,,,,,,,,,,,,,,,,,,,,,,,,,,,,,,,,,,,,,,,,,,,,,,,,,,,,,,,,,,,,,,,,,,,,,,,,,,,,,,,,,,,,,,,,,,,,,,,,,,,,,,,,,,,,,,,,,,,,,,,,,,,,,,,,,,,,,,,,,,,,,,,,,,,,,,,,,,,,,,,,,,,,,,,,,,,,,,1.0,0.0,0.0,93.0,0.0,1.0,15163703.0,0.0,0.0,15163702.0,0.0,0.0,0.0,0.0,0.0006780509999657625,0.0029936380000208374,0.0,390.020350949,390.037504639,390.020947896,0.0,390.020863589,390.03767005,390.037504122,0.0,0.0,0.0,0.0,0.0
559734321881398413,0,5e4a09c72949f70c2bab629d3baca2d8,1098494,1624296979,1624301729,0515714511734867fde326e4ac442c1b,gpfs,/gpfs/alpine,,,,,,,,,,,,,,,,,,,,,,,,,,,,,,,,,,,,,,,,,,,,,,,,,,,,,,,,,,,,,,,,,,,,,,,,,,,,,,,,,,,,,,,,,,,,,,,,,,,,,,,,,,,,,,,,,,,,,,,,,,,,,,,,,,,,,,,,,,,,,,,,,,,,,,,,,,,,,,,,,,,,,,,,,,,,,,,,,,,,,,,,,,,,,,,,,,,,,,,,,,,,,,,,,,,,,,,,,,,,,,,,,,,,,,,,,,,,,,,,,,,,,,,,,,,,,,,,,,,,,,,,,,,,,,,,,,,,,,,,,,,,,,,,,,,,,,,,,,,,,,,,,,,,,,,,,,,,,,,,,,,,,,,,,,,,,,,,,,,,,,,,,,,,,,,,,,,,,,,,,,,,,,,,,,,,,,,,,,,,,,,,,,,,,,,,,,,,,,,,,,,,,,,,,,,,,,,,,,,,,,,,,,,,,,,,,,,,,,,,,,,,,1.0,0.0,0.0,93.0,0.0,1.0,15163412.0,0.0,0.0,15163411.0,0.0,0.0,0.0,0.0,0.0008722600000510283,0.0030234800012749474,0.0,1763.782522331,1763.799718631,1763.783217913,0.0,1763.783124402,1763.79998882,1763.799717973,0.0,0.0,0.0,0.0,0.0
857456182400499846,0,5e4a09c72949f70c2bab629d3baca2d8,1098494,1624296979,1624301729,14a32cc11155cd1ecfb3e6057879a8dc,gpfs,/gpfs/alpine,,,,,,,,,,,,,,,,,,,,,,,,,,,,,,,,,,,,,,,,,,,,,,,,,,,,,,,,,,,,,,,,,,,,,,,,,,,,,,,,,,,,,,,,,,,,,,,,,,,,,,,,,,,,,,,,,,,,,,,,,,,,,,,,,,,,,,,,,,,,,,,,,,,,,,,,,,,,,,,,,,,,,,,,,,,,,,,,,,,,,,,,,,,,,,,,,,,,,,,,,,,,,,,,,,,,,,,,,,,,,,,,,,,,,,,,,,,,,,,,,,,,,,,,,,,,,,,,,,,,,,,,,,,,,,,,,,,,,,,,,,,,,,,,,,,,,,,,,,,,,,,,,,,,,,,,,,,,,,,,,,,,,,,,,,,,,,,,,,,,,,,,,,,,,,,,,,,,,,,,,,,,,,,,,,,,,,,,,,,,,,,,,,,,,,,,,,,,,,,,,,,,,,,,,,,,,,,,,,,,,,,,,,,,,,,,,,,,,,,,,,,,,1.0,0.0,0.0,93.0,0.0,1.0,15164380.0,0.0,0.0,15164379.0,0.0,0.0,0.0,0.0,0.0006457609997596592,0.0028860969973720785,0.0,3184.832376445,3184.84920938,3184.832942872,0.0,3184.832862834,3184.849368752,3184.849208716,0.0,0.0,0.0,0.0,0.0
1466962516669711829,0,5e4a09c72949f70c2bab629d3baca2d8,1098494,1624296979,1624301729,8d9ce1643d1603228b5002953bbdf000,gpfs,/gpfs/alpine,,,,,,,,,,,,,,,,,,,,,,,,,,,,,,,,,,,,,,,,,,,,,,,,,,,,,,,,,,,,,,,,,,,,,,,,,,,,,,,,,,,,,,,,,,,,,,,,,,,,,,,,,,,,,,,,,,,,,,,,,,,,,,,,,,,,,,,,,,,,,,,,,,,,,,,,,,,,,,,,,,,,,,,,,,,,,,,,,,,,,,,,,,,,,,,,,,,,,,,,,,,,,,,,,,,,,,,,,,,,,,,,,,,,,,,,,,,,,,,,,,,,,,,,,,,,,,,,,,,,,,,,,,,,,,,,,,,,,,,,,,,,,,,,,,,,,,,,,,,,,,,,,,,,,,,,,,,,,,,,,,,,,,,,,,,,,,,,,,,,,,,,,,,,,,,,,,,,,,,,,,,,,,,,,,,,,,,,,,,,,,,,,,,,,,,,,,,,,,,,,,,,,,,,,,,,,,,,,,,,,,,,,,,,,,,,,,,,,,,,,,,,,1.0,0.0,0.0,93.0,0.0,1.0,15163633.0,0.0,0.0,15163632.0,0.0,0.0,0.0,0.0,0.0006389440000020841,0.0030405859993152262,0.0,2616.464242522,2616.481435385,2616.464788028,0.0,2616.464711139,2616.481605712,2616.48143467,0.0,0.0,0.0,0.0,0.0
1818574123068774895,0,5e4a09c72949f70c2bab629d3baca2d8,1098494,1624296979,1624301729,4bdae9da01a95efd0c630fddfa496fc8,gpfs,/gpfs/alpine,,,,,,,,,,,,,,,,,,,,,,,,,,,,,,,,,,,,,,,,,,,,,,,,,,,,,,,,,,,,,,,,,,,,,,,,,,,,,,,,,,,,,,,,,,,,,,,,,,,,,,,,,,,,,,,,,,,,,,,,,,,,,,,,,,,,,,,,,,,,,,,,,,,,,,,,,,,,,,,,,,,,,,,,,,,,,,,,,,,,,,,,,,,,,,,,,,,,,,,,,,,,,,,,,,,,,,,,,,,,,,,,,,,,,,,,,,,,,,,,,,,,,,,,,,,,,,,,,,,,,,,,,,,,,,,,,,,,,,,,,,,,,,,,,,,,,,,,,,,,,,,,,,,,,,,,,,,,,,,,,,,,,,,,,,,,,,,,,,,,,,,,,,,,,,,,,,,,,,,,,,,,,,,,,,,,,,,,,,,,,,,,,,,,,,,,,,,,,,,,,,,,,,,,,,,,,,,,,,,,,,,,,,,,,,,,,,,,,,,,,,,,,1.0,0.0,0.0,93.0,0.0,1.0,15163715.0,0.0,0.0,15163714.0,0.0,0.0,0.0,0.0,0.000646027999891885,0.0029035359978024644,0.0,1953.317080158,1953.333946943,1953.317643504,0.0,1953.317561124,1953.334112005,1953.333945984,0.0,0.0,0.0,0.0,0.0
1838305550182539070,0,5e4a09c72949f70c2bab629d3baca2d8,1098494,1624296979,1624301729,21d51c57d8439281f1497fe03ae99fec,gpfs,/gpfs/alpine,,,,,,,,,,,,,,,,,,,,,,,,,,,,,,,,,,,,,,,,,,,,,,,,,,,,,,,,,,,,,,,,,,,,,,,,,,,,,,,,,,,,,,,,,,,,,,,,,,,,,,,,,,,,,,,,,,,,,,,,,,,,,,,,,,,,,,,,,,,,,,,,,,,,,,,,,,,,,,,,,,,,,,,,,,,,,,,,,,,,,,,,,,,,,,,,,,,,,,,,,,,,,,,,,,,,,,,,,,,,,,,,,,,,,,,,,,,,,,,,,,,,,,,,,,,,,,,,,,,,,,,,,,,,,,,,,,,,,,,,,,,,,,,,,,,,,,,,,,,,,,,,,,,,,,,,,,,,,,,,,,,,,,,,,,,,,,,,,,,,,,,,,,,,,,,,,,,,,,,,,,,,,,,,,,,,,,,,,,,,,,,,,,,,,,,,,,,,,,,,,,,,,,,,,,,,,,,,,,,,,,,,,,,,,,,,,,,,,,,,,,,,,1.0,0.0,0.0,2.0,0.0,2.0,1777.0,0.0,0.0,1776.0,0.0,0.0,0.0,0.0,0.0014629600001768717,0.00015026000000006867,0.0,0.007813560999999969,4749.997383598,0.009219682999999979,0.0,0.009212682000000028,4749.997447437,0.00938226200000003,0.0,0.0,0.0,0.0,0.0
2134021461983999720,0,5e4a09c72949f70c2bab629d3baca2d8,1098494,1624296979,1624301729,9a9a57be56815bb9716cf9c0950ba801,gpfs,/gpfs/alpine,,,,,,,,,,,,,,,,,,,,,,,,,,,,,,,,,,,,,,,,,,,,,,,,,,,,,,,,,,,,,,,,,,,,,,,,,,,,,,,,,,,,,,,,,,,,,,,,,,,,,,,,,,,,,,,,,,,,,,,,,,,,,,,,,,,,,,,,,,,,,,,,,,,,,,,,,,,,,,,,,,,,,,,,,,,,,,,,,,,,,,,,,,,,,,,,,,,,,,,,,,,,,,,,,,,,,,,,,,,,,,,,,,,,,,,,,,,,,,,,,,,,,,,,,,,,,,,,,,,,,,,,,,,,,,,,,,,,,,,,,,,,,,,,,,,,,,,,,,,,,,,,,,,,,,,,,,,,,,,,,,,,,,,,,,,,,,,,,,,,,,,,,,,,,,,,,,,,,,,,,,,,,,,,,,,,,,,,,,,,,,,,,,,,,,,,,,,,,,,,,,,,,,,,,,,,,,,,,,,,,,,,,,,,,,,,,,,,,,,,,,,,,1.0,0.0,0.0,93.0,0.0,1.0,15163100.0,0.0,0.0,15163099.0,0.0,0.0,0.0,0.0,0.0006779440000173054,0.0029517169998598547,0.0,721.570267859,721.587374423,721.570847515,0.0,721.570772405,721.587547821,721.587373796,0.0,0.0,0.0,0.0,0.0
2210255354219737510,0,5e4a09c72949f70c2bab629d3baca2d8,1098494,1624296979,1624301729,7a8fd3f80e90b9b7aed9d94ccf1c2123,gpfs,/gpfs/alpine,,,,,,,,,,,,,,,,,,,,,,,,,,,,,,,,,,,,,,,,,,,,,,,,,,,,,,,,,,,,,,,,,,,,,,,,,,,,,,,,,,,,,,,,,,,,,,,,,,,,,,,,,,,,,,,,,,,,,,,,,,,,,,,,,,,,,,,,,,,,,,,,,,,,,,,,,,,,,,,,,,,,,,,,,,,,,,,,,,,,,,,,,,,,,,,,,,,,,,,,,,,,,,,,,,,,,,,,,,,,,,,,,,,,,,,,,,,,,,,,,,,,,,,,,,,,,,,,,,,,,,,,,,,,,,,,,,,,,,,,,,,,,,,,,,,,,,,,,,,,,,,,,,,,,,,,,,,,,,,,,,,,,,,,,,,,,,,,,,,,,,,,,,,,,,,,,,,,,,,,,,,,,,,,,,,,,,,,,,,,,,,,,,,,,,,,,,,,,,,,,,,,,,,,,,,,,,,,,,,,,,,,,,,,,,,,,,,,,,,,,,,,,1.0,0.0,0.0,93.0,0.0,1.0,15162513.0,0.0,0.0,15162512.0,0.0,0.0,0.0,0.0,0.0006794699997954012,0.0029576029992313124,0.0,1147.921894298,1147.939003636,1147.922494306,0.0,1147.922411221,1147.939166183,1147.93900272,0.0,0.0,0.0,0.0,0.0
2291728658957940527,0,5e4a09c72949f70c2bab629d3baca2d8,1098494,1624296979,1624301729,1573c96d745f6db74fd6f357fa3e3319,gpfs,/gpfs/alpine,,,,,,,,,,,,,,,,,,,,,,,,,,,,,,,,,,,,,,,,,,,,,,,,,,,,,,,,,,,,,,,,,,,,,,,,,,,,,,,,,,,,,,,,,,,,,,,,,,,,,,,,,,,,,,,,,,,,,,,,,,,,,,,,,,,,,,,,,,,,,,,,,,,,,,,,,,,,,,,,,,,,,,,,,,,,,,,,,,,,,,,,,,,,,,,,,,,,,,,,,,,,,,,,,,,,,,,,,,,,,,,,,,,,,,,,,,,,,,,,,,,,,,,,,,,,,,,,,,,,,,,,,,,,,,,,,,,,,,,,,,,,,,,,,,,,,,,,,,,,,,,,,,,,,,,,,,,,,,,,,,,,,,,,,,,,,,,,,,,,,,,,,,,,,,,,,,,,,,,,,,,,,,,,,,,,,,,,,,,,,,,,,,,,,,,,,,,,,,,,,,,,,,,,,,,,,,,,,,,,,,,,,,,,,,,,,,,,,,,,,,,,,1.0,0.0,0.0,93.0,0.0,1.0,15164233.0,0.0,0.0,15164232.0,0.0,0.0,0.0,0.0,0.0006486749998657615,0.0028794439967896324,0.0,4084.750337725,4084.767246817,4084.750915203,0.0,4084.750830307,4084.76740291,4084.76724619,0.0,0.0,0.0,0.0,0.0
2339992337928790225,0,5e4a09c72949f70c2bab629d3baca2d8,1098494,1624296979,1624301729,540272354f2caeaf14d1f8bfb66b1da1,gpfs,/gpfs/alpine,,,,,,,,,,,,,,,,,,,,,,,,,,,,,,,,,,,,,,,,,,,,,,,,,,,,,,,,,,,,,,,,,,,,,,,,,,,,,,,,,,,,,,,,,,,,,,,,,,,,,,,,,,,,,,,,,,,,,,,,,,,,,,,,,,,,,,,,,,,,,,,,,,,,,,,,,,,,,,,,,,,,,,,,,,,,,,,,,,,,,,,,,,,,,,,,,,,,,,,,,,,,,,,,,,,,,,,,,,,,,,,,,,,,,,,,,,,,,,,,,,,,,,,,,,,,,,,,,,,,,,,,,,,,,,,,,,,,,,,,,,,,,,,,,,,,,,,,,,,,,,,,,,,,,,,,,,,,,,,,,,,,,,,,,,,,,,,,,,,,,,,,,,,,,,,,,,,,,,,,,,,,,,,,,,,,,,,,,,,,,,,,,,,,,,,,,,,,,,,,,,,,,,,,,,,,,,,,,,,,,,,,,,,,,,,,,,,,,,,,,,,,,1.0,0.0,0.0,93.0,0.0,1.0,15164778.0,0.0,0.0,15164777.0,0.0,0.0,0.0,0.0,0.0006547480002154771,0.002963123997687944,0.0,3753.253535384,3753.270525884,3753.25409933,0.0,3753.254020714,3753.270695302,3753.270524816,0.0,0.0,0.0,0.0,0.0
2656363665772855378,0,5e4a09c72949f70c2bab629d3baca2d8,1098494,1624296979,1624301729,2195e5026ae4dafa26fec14bbcd03494,gpfs,/gpfs/alpine,,,,,,,,,,,,,,,,,,,,,,,,,,,,,,,,,,,,,,,,,,,,,,,,,,,,,,,,,,,,,,,,,,,,,,,,,,,,,,,,,,,,,,,,,,,,,,,,,,,,,,,,,,,,,,,,,,,,,,,,,,,,,,,,,,,,,,,,,,,,,,,,,,,,,,,,,,,,,,,,,,,,,,,,,,,,,,,,,,,,,,,,,,,,,,,,,,,,,,,,,,,,,,,,,,,,,,,,,,,,,,,,,,,,,,,,,,,,,,,,,,,,,,,,,,,,,,,,,,,,,,,,,,,,,,,,,,,,,,,,,,,,,,,,,,,,,,,,,,,,,,,,,,,,,,,,,,,,,,,,,,,,,,,,,,,,,,,,,,,,,,,,,,,,,,,,,,,,,,,,,,,,,,,,,,,,,,,,,,,,,,,,,,,,,,,,,,,,,,,,,,,,,,,,,,,,,,,,,,,,,,,,,,,,,,,,,,,,,,,,,,,,,1.0,0.0,0.0,93.0,0.0,1.0,15162799.0,0.0,0.0,15162798.0,0.0,0.0,0.0,0.0,0.0009043410000231233,0.0029598560000749785,0.0,863.736564548,863.753841106,863.737359814,0.0,863.737279456,863.754030539,863.753840134,0.0,0.0,0.0,0.0,0.0
2785776469175693122,0,5e4a09c72949f70c2bab629d3baca2d8,1098494,1624296979,1624301729,9e1666be89c055d6dd10462e8ee11e57,gpfs,/gpfs/alpine,,,,,,,,,,,,,,,,,,,,,,,,,,,,,,,,,,,,,,,,,,,,,,,,,,,,,,,,,,,,,,,,,,,,,,,,,,,,,,,,,,,,,,,,,,,,,,,,,,,,,,,,,,,,,,,,,,,,,,,,,,,,,,,,,,,,,,,,,,,,,,,,,,,,,,,,,,,,,,,,,,,,,,,,,,,,,,,,,,,,,,,,,,,,,,,,,,,,,,,,,,,,,,,,,,,,,,,,,,,,,,,,,,,,,,,,,,,,,,,,,,,,,,,,,,,,,,,,,,,,,,,,,,,,,,,,,,,,,,,,,,,,,,,,,,,,,,,,,,,,,,,,,,,,,,,,,,,,,,,,,,,,,,,,,,,,,,,,,,,,,,,,,,,,,,,,,,,,,,,,,,,,,,,,,,,,,,,,,,,,,,,,,,,,,,,,,,,,,,,,,,,,,,,,,,,,,,,,,,,,,,,,,,,,,,,,,,,,,,,,,,,,,1.0,0.0,0.0,93.0,0.0,1.0,15163072.0,0.0,0.0,15163071.0,0.0,0.0,0.0,0.0,0.0006317400002444629,0.0029585710008177557,0.0,2474.348778788,2474.365763162,2474.349331479,0.0,2474.34925147,2474.36592222,2474.365762303,0.0,0.0,0.0,0.0,0.0
2917246372265042231,0,5e4a09c72949f70c2bab629d3baca2d8,1098494,1624296979,1624301729,d1d18f414676f6a965caaeed569b4bac,gpfs,/gpfs/alpine,,,,,,,,,,,,,,,,,,,,,,,,,,,,,,,,,,,,,,,,,,,,,,,,,,,,,,,,,,,,,,,,,,,,,,,,,,,,,,,,,,,,,,,,,,,,,,,,,,,,,,,,,,,,,,,,,,,,,,,,,,,,,,,,,,,,,,,,,,,,,,,,,,,,,,,,,,,,,,,,,,,,,,,,,,,,,,,,,,,,,,,,,,,,,,,,,,,,,,,,,,,,,,,,,,,,,,,,,,,,,,,,,,,,,,,,,,,,,,,,,,,,,,,,,,,,,,,,,,,,,,,,,,,,,,,,,,,,,,,,,,,,,,,,,,,,,,,,,,,,,,,,,,,,,,,,,,,,,,,,,,,,,,,,,,,,,,,,,,,,,,,,,,,,,,,,,,,,,,,,,,,,,,,,,,,,,,,,,,,,,,,,,,,,,,,,,,,,,,,,,,,,,,,,,,,,,,,,,,,,,,,,,,,,,,,,,,,,,,,,,,,,,1.0,0.0,0.0,93.0,0.0,1.0,15163836.0,0.0,0.0,15163835.0,0.0,0.0,0.0,0.0,0.0006732609999744454,0.0029192629999670316,0.0,2521.722037144,2521.739044354,2521.722634047,0.0,2521.72255539,2521.739199369,2521.739043432,0.0,0.0,0.0,0.0,0.0
3179730528558841479,0,5e4a09c72949f70c2bab629d3baca2d8,1098494,1624296979,1624301729,256147ad9da48d24d714df9fab36feb7,gpfs,/gpfs/alpine,,,,,,,,,,,,,,,,,,,,,,,,,,,,,,,,,,,,,,,,,,,,,,,,,,,,,,,,,,,,,,,,,,,,,,,,,,,,,,,,,,,,,,,,,,,,,,,,,,,,,,,,,,,,,,,,,,,,,,,,,,,,,,,,,,,,,,,,,,,,,,,,,,,,,,,,,,,,,,,,,,,,,,,,,,,,,,,,,,,,,,,,,,,,,,,,,,,,,,,,,,,,,,,,,,,,,,,,,,,,,,,,,,,,,,,,,,,,,,,,,,,,,,,,,,,,,,,,,,,,,,,,,,,,,,,,,,,,,,,,,,,,,,,,,,,,,,,,,,,,,,,,,,,,,,,,,,,,,,,,,,,,,,,,,,,,,,,,,,,,,,,,,,,,,,,,,,,,,,,,,,,,,,,,,,,,,,,,,,,,,,,,,,,,,,,,,,,,,,,,,,,,,,,,,,,,,,,,,,,,,,,,,,,,,,,,,,,,,,,,,,,,,1.0,0.0,0.0,93.0,0.0,1.0,15163135.0,0.0,0.0,15163134.0,0.0,0.0,0.0,0.0,0.0006660419999207079,0.002955765002297994,0.0,2569.084022461,2569.101090607,2569.084602715,0.0,2569.08452492,2569.10125419,2569.101090031,0.0,0.0,0.0,0.0,0.0
3269371921478273386,0,5e4a09c72949f70c2bab629d3baca2d8,1098494,1624296979,1624301729,177da505394f2315c4e9f931a72fd619,gpfs,/gpfs/alpine,,,,,,,,,,,,,,,,,,,,,,,,,,,,,,,,,,,,,,,,,,,,,,,,,,,,,,,,,,,,,,,,,,,,,,,,,,,,,,,,,,,,,,,,,,,,,,,,,,,,,,,,,,,,,,,,,,,,,,,,,,,,,,,,,,,,,,,,,,,,,,,,,,,,,,,,,,,,,,,,,,,,,,,,,,,,,,,,,,,,,,,,,,,,,,,,,,,,,,,,,,,,,,,,,,,,,,,,,,,,,,,,,,,,,,,,,,,,,,,,,,,,,,,,,,,,,,,,,,,,,,,,,,,,,,,,,,,,,,,,,,,,,,,,,,,,,,,,,,,,,,,,,,,,,,,,,,,,,,,,,,,,,,,,,,,,,,,,,,,,,,,,,,,,,,,,,,,,,,,,,,,,,,,,,,,,,,,,,,,,,,,,,,,,,,,,,,,,,,,,,,,,,,,,,,,,,,,,,,,,,,,,,,,,,,,,,,,,,,,,,,,,,1.0,0.0,0.0,93.0,0.0,1.0,15162699.0,0.0,0.0,15162698.0,0.0,0.0,0.0,0.0,0.0006472210002357315,0.002859753001757781,0.0,2284.873077168,2284.889991016,2284.873638753,0.0,2284.873562293,2284.890153112,2284.889990494,0.0,0.0,0.0,0.0,0.0
3538906542325012493,0,5e4a09c72949f70c2bab629d3baca2d8,1098494,1624296979,1624301729,4b8ceb13aec093c62907db2b09423b4c,gpfs,/gpfs/alpine,,,,,,,,,,,,,,,,,,,,,,,,,,,,,,,,,,,,,,,,,,,,,,,,,,,,,,,,,,,,,,,,,,,,,,,,,,,,,,,,,,,,,,,,,,,,,,,,,,,,,,,,,,,,,,,,,,,,,,,,,,,,,,,,,,,,,,,,,,,,,,,,,,,,,,,,,,,,,,,,,,,,,,,,,,,,,,,,,,,,,,,,,,,,,,,,,,,,,,,,,,,,,,,,,,,,,,,,,,,,,,,,,,,,,,,,,,,,,,,,,,,,,,,,,,,,,,,,,,,,,,,,,,,,,,,,,,,,,,,,,,,,,,,,,,,,,,,,,,,,,,,,,,,,,,,,,,,,,,,,,,,,,,,,,,,,,,,,,,,,,,,,,,,,,,,,,,,,,,,,,,,,,,,,,,,,,,,,,,,,,,,,,,,,,,,,,,,,,,,,,,,,,,,,,,,,,,,,,,,,,,,,,,,,,,,,,,,,,,,,,,,,,1.0,0.0,0.0,93.0,0.0,1.0,15165219.0,0.0,0.0,15165218.0,0.0,0.0,0.0,0.0,0.0006216850001692364,0.0028511130008155305,0.0,3990.02508296,3990.041850442,3990.025623618,0.0,3990.025544726,3990.042010361,3990.041849838,0.0,0.0,0.0,0.0,0.0
3689667127726564133,0,5e4a09c72949f70c2bab629d3baca2d8,1098494,1624296979,1624301729,f8736e2021f79d83214b410953c0763a,gpfs,/gpfs/alpine,,,,,,,,,,,,,,,,,,,,,,,,,,,,,,,,,,,,,,,,,,,,,,,,,,,,,,,,,,,,,,,,,,,,,,,,,,,,,,,,,,,,,,,,,,,,,,,,,,,,,,,,,,,,,,,,,,,,,,,,,,,,,,,,,,,,,,,,,,,,,,,,,,,,,,,,,,,,,,,,,,,,,,,,,,,,,,,,,,,,,,,,,,,,,,,,,,,,,,,,,,,,,,,,,,,,,,,,,,,,,,,,,,,,,,,,,,,,,,,,,,,,,,,,,,,,,,,,,,,,,,,,,,,,,,,,,,,,,,,,,,,,,,,,,,,,,,,,,,,,,,,,,,,,,,,,,,,,,,,,,,,,,,,,,,,,,,,,,,,,,,,,,,,,,,,,,,,,,,,,,,,,,,,,,,,,,,,,,,,,,,,,,,,,,,,,,,,,,,,,,,,,,,,,,,,,,,,,,,,,,,,,,,,,,,,,,,,,,,,,,,,,,1.0,0.0,0.0,93.0,0.0,1.0,15166112.0,0.0,0.0,15166111.0,0.0,0.0,0.0,0.0,0.0006199589997777366,0.002922527998634905,0.0,4700.605826133,4700.622829085,4700.606376746,0.0,4700.606294039,4700.622981138,4700.622828425,0.0,0.0,0.0,0.0,0.0
3691321224985844864,0,5e4a09c72949f70c2bab629d3baca2d8,1098494,1624296979,1624301729,de8e7cffbd3096c1cd3b61b340f8550c,gpfs,/gpfs/alpine,,,,,,,,,,,,,,,,,,,,,,,,,,,,,,,,,,,,,,,,,,,,,,,,,,,,,,,,,,,,,,,,,,,,,,,,,,,,,,,,,,,,,,,,,,,,,,,,,,,,,,,,,,,,,,,,,,,,,,,,,,,,,,,,,,,,,,,,,,,,,,,,,,,,,,,,,,,,,,,,,,,,,,,,,,,,,,,,,,,,,,,,,,,,,,,,,,,,,,,,,,,,,,,,,,,,,,,,,,,,,,,,,,,,,,,,,,,,,,,,,,,,,,,,,,,,,,,,,,,,,,,,,,,,,,,,,,,,,,,,,,,,,,,,,,,,,,,,,,,,,,,,,,,,,,,,,,,,,,,,,,,,,,,,,,,,,,,,,,,,,,,,,,,,,,,,,,,,,,,,,,,,,,,,,,,,,,,,,,,,,,,,,,,,,,,,,,,,,,,,,,,,,,,,,,,,,,,,,,,,,,,,,,,,,,,,,,,,,,,,,,,,,1.0,0.0,0.0,93.0,0.0,1.0,15165195.0,0.0,0.0,15165194.0,0.0,0.0,0.0,0.0,0.0006242440003916272,0.002816575998622284,0.0,4511.098983661,4511.115833449,4511.0995317,0.0,4511.099451532,4511.115989822,4511.115832629,0.0,0.0,0.0,0.0,0.0
3817620013700658725,0,5e4a09c72949f70c2bab629d3baca2d8,1098494,1624296979,1624301729,4e22be24c6fabf5bc37434bf440465e5,gpfs,/gpfs/alpine,,,,,,,,,,,,,,,,,,,,,,,,,,,,,,,,,,,,,,,,,,,,,,,,,,,,,,,,,,,,,,,,,,,,,,,,,,,,,,,,,,,,,,,,,,,,,,,,,,,,,,,,,,,,,,,,,,,,,,,,,,,,,,,,,,,,,,,,,,,,,,,,,,,,,,,,,,,,,,,,,,,,,,,,,,,,,,,,,,,,,,,,,,,,,,,,,,,,,,,,,,,,,,,,,,,,,,,,,,,,,,,,,,,,,,,,,,,,,,,,,,,,,,,,,,,,,,,,,,,,,,,,,,,,,,,,,,,,,,,,,,,,,,,,,,,,,,,,,,,,,,,,,,,,,,,,,,,,,,,,,,,,,,,,,,,,,,,,,,,,,,,,,,,,,,,,,,,,,,,,,,,,,,,,,,,,,,,,,,,,,,,,,,,,,,,,,,,,,,,,,,,,,,,,,,,,,,,,,,,,,,,,,,,,,,,,,,,,,,,,,,,,,1.0,0.0,0.0,93.0,0.0,1.0,15164649.0,0.0,0.0,15164648.0,0.0,0.0,0.0,0.0,0.0006289430002652807,0.002937649001069076,0.0,4274.226473028,4274.243414626,4274.227022748,0.0,4274.226946282,4274.243570315,4274.243413958,0.0,0.0,0.0,0.0,0.0
3856278666483428771,0,5e4a09c72949f70c2bab629d3baca2d8,1098494,1624296979,1624301729,ee68e98d2afe37eea997668bd65a2df8,gpfs,/gpfs/alpine,,,,,,,,,,,,,,,,,,,,,,,,,,,,,,,,,,,,,,,,,,,,,,,,,,,,,,,,,,,,,,,,,,,,,,,,,,,,,,,,,,,,,,,,,,,,,,,,,,,,,,,,,,,,,,,,,,,,,,,,,,,,,,,,,,,,,,,,,,,,,,,,,,,,,,,,,,,,,,,,,,,,,,,,,,,,,,,,,,,,,,,,,,,,,,,,,,,,,,,,,,,,,,,,,,,,,,,,,,,,,,,,,,,,,,,,,,,,,,,,,,,,,,,,,,,,,,,,,,,,,,,,,,,,,,,,,,,,,,,,,,,,,,,,,,,,,,,,,,,,,,,,,,,,,,,,,,,,,,,,,,,,,,,,,,,,,,,,,,,,,,,,,,,,,,,,,,,,,,,,,,,,,,,,,,,,,,,,,,,,,,,,,,,,,,,,,,,,,,,,,,,,,,,,,,,,,,,,,,,,,,,,,,,,,,,,,,,,,,,,,,,,,1.0,0.0,0.0,93.0,0.0,1.0,15162753.0,0.0,0.0,15162752.0,0.0,0.0,0.0,0.0,0.0006930449999345001,0.0028905110007144685,0.0,2379.657567199,2379.674716658,2379.658170496,0.0,2379.658093278,2379.674883624,2379.674715724,0.0,0.0,0.0,0.0,0.0
3874253273963014472,0,5e4a09c72949f70c2bab629d3baca2d8,1098494,1624296979,1624301729,75c20d79589b42ac6738befda067b479,gpfs,/gpfs/alpine,,,,,,,,,,,,,,,,,,,,,,,,,,,,,,,,,,,,,,,,,,,,,,,,,,,,,,,,,,,,,,,,,,,,,,,,,,,,,,,,,,,,,,,,,,,,,,,,,,,,,,,,,,,,,,,,,,,,,,,,,,,,,,,,,,,,,,,,,,,,,,,,,,,,,,,,,,,,,,,,,,,,,,,,,,,,,,,,,,,,,,,,,,,,,,,,,,,,,,,,,,,,,,,,,,,,,,,,,,,,,,,,,,,,,,,,,,,,,,,,,,,,,,,,,,,,,,,,,,,,,,,,,,,,,,,,,,,,,,,,,,,,,,,,,,,,,,,,,,,,,,,,,,,,,,,,,,,,,,,,,,,,,,,,,,,,,,,,,,,,,,,,,,,,,,,,,,,,,,,,,,,,,,,,,,,,,,,,,,,,,,,,,,,,,,,,,,,,,,,,,,,,,,,,,,,,,,,,,,,,,,,,,,,,,,,,,,,,,,,,,,,,,1.0,0.0,0.0,93.0,0.0,1.0,15165933.0,0.0,0.0,15165932.0,0.0,0.0,0.0,0.0,0.0018086449999827892,0.0029077790004521376,0.0,4605.855889865,4605.874096773,4605.857619077,0.0,4605.857539899,4605.874255384,4605.874096122,0.0,0.0,0.0,0.0,0.0
3891264083222334725,0,5e4a09c72949f70c2bab629d3baca2d8,1098494,1624296979,1624301729,5f202011c7b8636616a1b2dc9985c860,gpfs,/gpfs/alpine,,,,,,,,,,,,,,,,,,,,,,,,,,,,,,,,,,,,,,,,,,,,,,,,,,,,,,,,,,,,,,,,,,,,,,,,,,,,,,,,,,,,,,,,,,,,,,,,,,,,,,,,,,,,,,,,,,,,,,,,,,,,,,,,,,,,,,,,,,,,,,,,,,,,,,,,,,,,,,,,,,,,,,,,,,,,,,,,,,,,,,,,,,,,,,,,,,,,,,,,,,,,,,,,,,,,,,,,,,,,,,,,,,,,,,,,,,,,,,,,,,,,,,,,,,,,,,,,,,,,,,,,,,,,,,,,,,,,,,,,,,,,,,,,,,,,,,,,,,,,,,,,,,,,,,,,,,,,,,,,,,,,,,,,,,,,,,,,,,,,,,,,,,,,,,,,,,,,,,,,,,,,,,,,,,,,,,,,,,,,,,,,,,,,,,,,,,,,,,,,,,,,,,,,,,,,,,,,,,,,,,,,,,,,,,,,,,,,,,,,,,,,,1.0,0.0,0.0,93.0,0.0,1.0,15164896.0,0.0,0.0,15164895.0,0.0,0.0,0.0,0.0,0.0006358080004247313,0.0028415450028660416,0.0,3137.44572978,3137.462580821,3137.446297937,0.0,3137.446211326,3137.462735083,3137.462580149,0.0,0.0,0.0,0.0,0.0
3959649238777172094,0,5e4a09c72949f70c2bab629d3baca2d8,1098494,1624296979,1624301729,d186f629eae95e32ff0c404efa513e79,gpfs,/gpfs/alpine,,,,,,,,,,,,,,,,,,,,,,,,,,,,,,,,,,,,,,,,,,,,,,,,,,,,,,,,,,,,,,,,,,,,,,,,,,,,,,,,,,,,,,,,,,,,,,,,,,,,,,,,,,,,,,,,,,,,,,,,,,,,,,,,,,,,,,,,,,,,,,,,,,,,,,,,,,,,,,,,,,,,,,,,,,,,,,,,,,,,,,,,,,,,,,,,,,,,,,,,,,,,,,,,,,,,,,,,,,,,,,,,,,,,,,,,,,,,,,,,,,,,,,,,,,,,,,,,,,,,,,,,,,,,,,,,,,,,,,,,,,,,,,,,,,,,,,,,,,,,,,,,,,,,,,,,,,,,,,,,,,,,,,,,,,,,,,,,,,,,,,,,,,,,,,,,,,,,,,,,,,,,,,,,,,,,,,,,,,,,,,,,,,,,,,,,,,,,,,,,,,,,,,,,,,,,,,,,,,,,,,,,,,,,,,,,,,,,,,,,,,,,,1.0,0.0,0.0,93.0,0.0,1.0,15163644.0,0.0,0.0,15163643.0,0.0,0.0,0.0,0.0,0.0006633479997617542,0.0028781889991478238,0.0,2663.795461044,2663.81250557,2663.796043638,0.0,2663.795962181,2663.812667781,2663.812504816,0.0,0.0,0.0,0.0,0.0
4190904145935263772,0,5e4a09c72949f70c2bab629d3baca2d8,1098494,1624296979,1624301729,6c10710b28b37e6d09a6ce63e0343336,gpfs,/gpfs/alpine,,,,,,,,,,,,,,,,,,,,,,,,,,,,,,,,,,,,,,,,,,,,,,,,,,,,,,,,,,,,,,,,,,,,,,,,,,,,,,,,,,,,,,,,,,,,,,,,,,,,,,,,,,,,,,,,,,,,,,,,,,,,,,,,,,,,,,,,,,,,,,,,,,,,,,,,,,,,,,,,,,,,,,,,,,,,,,,,,,,,,,,,,,,,,,,,,,,,,,,,,,,,,,,,,,,,,,,,,,,,,,,,,,,,,,,,,,,,,,,,,,,,,,,,,,,,,,,,,,,,,,,,,,,,,,,,,,,,,,,,,,,,,,,,,,,,,,,,,,,,,,,,,,,,,,,,,,,,,,,,,,,,,,,,,,,,,,,,,,,,,,,,,,,,,,,,,,,,,,,,,,,,,,,,,,,,,,,,,,,,,,,,,,,,,,,,,,,,,,,,,,,,,,,,,,,,,,,,,,,,,,,,,,,,,,,,,,,,,,,,,,,,,1.0,0.0,0.0,93.0,0.0,1.0,15161136.0,0.0,0.0,15161135.0,0.0,0.0,0.0,0.0,0.0006927199999609002,0.0029344069998842315,0.0,816.363315734,816.380374497,816.363930812,0.0,816.363839021,816.38054393,816.380373884,0.0,0.0,0.0,0.0,0.0
4338754856419645959,0,5e4a09c72949f70c2bab629d3baca2d8,1098494,1624296979,1624301729,9fb85230feea659e432667b4f34d3f6a,gpfs,/gpfs/alpine,,,,,,,,,,,,,,,,,,,,,,,,,,,,,,,,,,,,,,,,,,,,,,,,,,,,,,,,,,,,,,,,,,,,,,,,,,,,,,,,,,,,,,,,,,,,,,,,,,,,,,,,,,,,,,,,,,,,,,,,,,,,,,,,,,,,,,,,,,,,,,,,,,,,,,,,,,,,,,,,,,,,,,,,,,,,,,,,,,,,,,,,,,,,,,,,,,,,,,,,,,,,,,,,,,,,,,,,,,,,,,,,,,,,,,,,,,,,,,,,,,,,,,,,,,,,,,,,,,,,,,,,,,,,,,,,,,,,,,,,,,,,,,,,,,,,,,,,,,,,,,,,,,,,,,,,,,,,,,,,,,,,,,,,,,,,,,,,,,,,,,,,,,,,,,,,,,,,,,,,,,,,,,,,,,,,,,,,,,,,,,,,,,,,,,,,,,,,,,,,,,,,,,,,,,,,,,,,,,,,,,,,,,,,,,,,,,,,,,,,,,,,,1.0,0.0,0.0,93.0,0.0,1.0,15163694.0,0.0,0.0,15163693.0,0.0,0.0,0.0,0.0,0.0006546649997289933,0.002871170997423178,0.0,3042.710360151,3042.727288461,3042.710939358,0.0,3042.710858649,3042.727444628,3042.727287865,0.0,0.0,0.0,0.0,0.0
4746208249291284546,0,5e4a09c72949f70c2bab629d3baca2d8,1098494,1624296979,1624301729,871714388335249ee089dc7f18fac747,gpfs,/gpfs/alpine,,,,,,,,,,,,,,,,,,,,,,,,,,,,,,,,,,,,,,,,,,,,,,,,,,,,,,,,,,,,,,,,,,,,,,,,,,,,,,,,,,,,,,,,,,,,,,,,,,,,,,,,,,,,,,,,,,,,,,,,,,,,,,,,,,,,,,,,,,,,,,,,,,,,,,,,,,,,,,,,,,,,,,,,,,,,,,,,,,,,,,,,,,,,,,,,,,,,,,,,,,,,,,,,,,,,,,,,,,,,,,,,,,,,,,,,,,,,,,,,,,,,,,,,,,,,,,,,,,,,,,,,,,,,,,,,,,,,,,,,,,,,,,,,,,,,,,,,,,,,,,,,,,,,,,,,,,,,,,,,,,,,,,,,,,,,,,,,,,,,,,,,,,,,,,,,,,,,,,,,,,,,,,,,,,,,,,,,,,,,,,,,,,,,,,,,,,,,,,,,,,,,,,,,,,,,,,,,,,,,,,,,,,,,,,,,,,,,,,,,,,,,,1.0,0.0,0.0,93.0,0.0,1.0,15164273.0,0.0,0.0,15164272.0,0.0,0.0,0.0,0.0,0.0006103089999669464,0.002964063997296762,0.0,2948.00343225,2948.020413404,2948.003956536,0.0,2948.003878758,2948.020577205,2948.020412596,0.0,0.0,0.0,0.0,0.0
5106364341734106115,0,5e4a09c72949f70c2bab629d3baca2d8,1098494,1624296979,1624301729,5b876ea8214fa891bab4fef003b317dd,gpfs,/gpfs/alpine,,,,,,,,,,,,,,,,,,,,,,,,,,,,,,,,,,,,,,,,,,,,,,,,,,,,,,,,,,,,,,,,,,,,,,,,,,,,,,,,,,,,,,,,,,,,,,,,,,,,,,,,,,,,,,,,,,,,,,,,,,,,,,,,,,,,,,,,,,,,,,,,,,,,,,,,,,,,,,,,,,,,,,,,,,,,,,,,,,,,,,,,,,,,,,,,,,,,,,,,,,,,,,,,,,,,,,,,,,,,,,,,,,,,,,,,,,,,,,,,,,,,,,,,,,,,,,,,,,,,,,,,,,,,,,,,,,,,,,,,,,,,,,,,,,,,,,,,,,,,,,,,,,,,,,,,,,,,,,,,,,,,,,,,,,,,,,,,,,,,,,,,,,,,,,,,,,,,,,,,,,,,,,,,,,,,,,,,,,,,,,,,,,,,,,,,,,,,,,,,,,,,,,,,,,,,,,,,,,,,,,,,,,,,,,,,,,,,,,,,,,,,,1.0,0.0,0.0,93.0,0.0,1.0,15164263.0,0.0,0.0,15164262.0,0.0,0.0,0.0,0.0,0.0006259470001168665,0.0029216030006864457,0.0,2900.581596217,2900.598609441,2900.582153774,0.0,2900.582064652,2900.598766953,2900.598608747,0.0,0.0,0.0,0.0,0.0
5238836858273411873,0,5e4a09c72949f70c2bab629d3baca2d8,1098494,1624296979,1624301729,7c40fbd9966cd19acddc3ac28ca67166,gpfs,/gpfs/alpine,,,,,,,,,,,,,,,,,,,,,,,,,,,,,,,,,,,,,,,,,,,,,,,,,,,,,,,,,,,,,,,,,,,,,,,,,,,,,,,,,,,,,,,,,,,,,,,,,,,,,,,,,,,,,,,,,,,,,,,,,,,,,,,,,,,,,,,,,,,,,,,,,,,,,,,,,,,,,,,,,,,,,,,,,,,,,,,,,,,,,,,,,,,,,,,,,,,,,,,,,,,,,,,,,,,,,,,,,,,,,,,,,,,,,,,,,,,,,,,,,,,,,,,,,,,,,,,,,,,,,,,,,,,,,,,,,,,,,,,,,,,,,,,,,,,,,,,,,,,,,,,,,,,,,,,,,,,,,,,,,,,,,,,,,,,,,,,,,,,,,,,,,,,,,,,,,,,,,,,,,,,,,,,,,,,,,,,,,,,,,,,,,,,,,,,,,,,,,,,,,,,,,,,,,,,,,,,,,,,,,,,,,,,,,,,,,,,,,,,,,,,,,1.0,0.0,0.0,93.0,0.0,1.0,15163528.0,0.0,0.0,15163527.0,0.0,0.0,0.0,0.0,0.0007324630000766774,0.002987856001709588,0.0,2758.519143603,2758.536261386,2758.519779701,0.0,2758.519701812,2758.53643564,2758.536260747,0.0,0.0,0.0,0.0,0.0
5379759364589412270,0,5e4a09c72949f70c2bab629d3baca2d8,1098494,1624296979,1624301729,ac32e85f3102c693b66a91d53906042c,gpfs,/gpfs/alpine,,,,,,,,,,,,,,,,,,,,,,,,,,,,,,,,,,,,,,,,,,,,,,,,,,,,,,,,,,,,,,,,,,,,,,,,,,,,,,,,,,,,,,,,,,,,,,,,,,,,,,,,,,,,,,,,,,,,,,,,,,,,,,,,,,,,,,,,,,,,,,,,,,,,,,,,,,,,,,,,,,,,,,,,,,,,,,,,,,,,,,,,,,,,,,,,,,,,,,,,,,,,,,,,,,,,,,,,,,,,,,,,,,,,,,,,,,,,,,,,,,,,,,,,,,,,,,,,,,,,,,,,,,,,,,,,,,,,,,,,,,,,,,,,,,,,,,,,,,,,,,,,,,,,,,,,,,,,,,,,,,,,,,,,,,,,,,,,,,,,,,,,,,,,,,,,,,,,,,,,,,,,,,,,,,,,,,,,,,,,,,,,,,,,,,,,,,,,,,,,,,,,,,,,,,,,,,,,,,,,,,,,,,,,,,,,,,,,,,,,,,,,,1.0,0.0,0.0,93.0,0.0,1.0,15163022.0,0.0,0.0,15163021.0,0.0,0.0,0.0,0.0,0.000670775000003232,0.002933951000045454,0.0,437.376344535,437.393440107,437.376935284,0.0,437.376859007,437.39359641,437.393439535,0.0,0.0,0.0,0.0,0.0
5436121338907368597,0,5e4a09c72949f70c2bab629d3baca2d8,1098494,1624296979,1624301729,e7611ebe1967ed5d5551ce94fd3c32db,gpfs,/gpfs/alpine,,,,,,,,,,,,,,,,,,,,,,,,,,,,,,,,,,,,,,,,,,,,,,,,,,,,,,,,,,,,,,,,,,,,,,,,,,,,,,,,,,,,,,,,,,,,,,,,,,,,,,,,,,,,,,,,,,,,,,,,,,,,,,,,,,,,,,,,,,,,,,,,,,,,,,,,,,,,,,,,,,,,,,,,,,,,,,,,,,,,,,,,,,,,,,,,,,,,,,,,,,,,,,,,,,,,,,,,,,,,,,,,,,,,,,,,,,,,,,,,,,,,,,,,,,,,,,,,,,,,,,,,,,,,,,,,,,,,,,,,,,,,,,,,,,,,,,,,,,,,,,,,,,,,,,,,,,,,,,,,,,,,,,,,,,,,,,,,,,,,,,,,,,,,,,,,,,,,,,,,,,,,,,,,,,,,,,,,,,,,,,,,,,,,,,,,,,,,,,,,,,,,,,,,,,,,,,,,,,,,,,,,,,,,,,,,,,,,,,,,,,,,,1.0,0.0,0.0,93.0,0.0,1.0,15163206.0,0.0,0.0,15163205.0,0.0,0.0,0.0,0.0,0.0006974789999958375,0.0029447170000054257,0.0,105.695425338,105.712589602,105.696031905,0.0,105.695956469,105.71275595,105.7125889,0.0,0.0,0.0,0.0,0.0
5501473360388615814,0,5e4a09c72949f70c2bab629d3baca2d8,1098494,1624296979,1624301729,0575a4fac3eb5b92920ca28f6adf1cc2,gpfs,/gpfs/alpine,,,,,,,,,,,,,,,,,,,,,,,,,,,,,,,,,,,,,,,,,,,,,,,,,,,,,,,,,,,,,,,,,,,,,,,,,,,,,,,,,,,,,,,,,,,,,,,,,,,,,,,,,,,,,,,,,,,,,,,,,,,,,,,,,,,,,,,,,,,,,,,,,,,,,,,,,,,,,,,,,,,,,,,,,,,,,,,,,,,,,,,,,,,,,,,,,,,,,,,,,,,,,,,,,,,,,,,,,,,,,,,,,,,,,,,,,,,,,,,,,,,,,,,,,,,,,,,,,,,,,,,,,,,,,,,,,,,,,,,,,,,,,,,,,,,,,,,,,,,,,,,,,,,,,,,,,,,,,,,,,,,,,,,,,,,,,,,,,,,,,,,,,,,,,,,,,,,,,,,,,,,,,,,,,,,,,,,,,,,,,,,,,,,,,,,,,,,,,,,,,,,,,,,,,,,,,,,,,,,,,,,,,,,,,,,,,,,,,,,,,,,,,1.0,0.0,0.0,93.0,0.0,1.0,15163635.0,0.0,0.0,15163634.0,0.0,0.0,0.0,0.0,0.0006369380002979597,0.003034302996184124,0.0,2048.034317302,2048.051413335,2048.034874163,0.0,2048.034791163,2048.051576412,2048.051412661,0.0,0.0,0.0,0.0,0.0
5547867030987667901,0,5e4a09c72949f70c2bab629d3baca2d8,1098494,1624296979,1624301729,c0278e5ee46656685138ce20533354f0,gpfs,/gpfs/alpine,,,,,,,,,,,,,,,,,,,,,,,,,,,,,,,,,,,,,,,,,,,,,,,,,,,,,,,,,,,,,,,,,,,,,,,,,,,,,,,,,,,,,,,,,,,,,,,,,,,,,,,,,,,,,,,,,,,,,,,,,,,,,,,,,,,,,,,,,,,,,,,,,,,,,,,,,,,,,,,,,,,,,,,,,,,,,,,,,,,,,,,,,,,,,,,,,,,,,,,,,,,,,,,,,,,,,,,,,,,,,,,,,,,,,,,,,,,,,,,,,,,,,,,,,,,,,,,,,,,,,,,,,,,,,,,,,,,,,,,,,,,,,,,,,,,,,,,,,,,,,,,,,,,,,,,,,,,,,,,,,,,,,,,,,,,,,,,,,,,,,,,,,,,,,,,,,,,,,,,,,,,,,,,,,,,,,,,,,,,,,,,,,,,,,,,,,,,,,,,,,,,,,,,,,,,,,,,,,,,,,,,,,,,,,,,,,,,,,,,,,,,,,1.0,0.0,0.0,93.0,0.0,1.0,15163837.0,0.0,0.0,15163836.0,0.0,0.0,0.0,0.0,0.0006166080002003582,0.002927982995970524,0.0,3326.873893474,3326.890771759,3326.874423605,0.0,3326.874348407,3326.890933434,3326.890770812,0.0,0.0,0.0,0.0,0.0
5574405166272004888,0,5e4a09c72949f70c2bab629d3baca2d8,1098494,1624296979,1624301729,870d16948037d53325204d29a5bd5173,gpfs,/gpfs/alpine,,,,,,,,,,,,,,,,,,,,,,,,,,,,,,,,,,,,,,,,,,,,,,,,,,,,,,,,,,,,,,,,,,,,,,,,,,,,,,,,,,,,,,,,,,,,,,,,,,,,,,,,,,,,,,,,,,,,,,,,,,,,,,,,,,,,,,,,,,,,,,,,,,,,,,,,,,,,,,,,,,,,,,,,,,,,,,,,,,,,,,,,,,,,,,,,,,,,,,,,,,,,,,,,,,,,,,,,,,,,,,,,,,,,,,,,,,,,,,,,,,,,,,,,,,,,,,,,,,,,,,,,,,,,,,,,,,,,,,,,,,,,,,,,,,,,,,,,,,,,,,,,,,,,,,,,,,,,,,,,,,,,,,,,,,,,,,,,,,,,,,,,,,,,,,,,,,,,,,,,,,,,,,,,,,,,,,,,,,,,,,,,,,,,,,,,,,,,,,,,,,,,,,,,,,,,,,,,,,,,,,,,,,,,,,,,,,,,,,,,,,,,,1.0,0.0,0.0,93.0,0.0,1.0,15163670.0,0.0,0.0,15163669.0,0.0,0.0,0.0,0.0,0.0006706309999913174,0.0030665960003943837,0.0,342.635679558,342.652939983,342.636276464,0.0,342.636190029,342.653100143,342.652939378,0.0,0.0,0.0,0.0,0.0
5805323131617648365,0,5e4a09c72949f70c2bab629d3baca2d8,1098494,1624296979,1624301729,638415b9fc8f85f4bdbf236ccfe8b70d,gpfs,/gpfs/alpine,,,,,,,,,,,,,,,,,,,,,,,,,,,,,,,,,,,,,,,,,,,,,,,,,,,,,,,,,,,,,,,,,,,,,,,,,,,,,,,,,,,,,,,,,,,,,,,,,,,,,,,,,,,,,,,,,,,,,,,,,,,,,,,,,,,,,,,,,,,,,,,,,,,,,,,,,,,,,,,,,,,,,,,,,,,,,,,,,,,,,,,,,,,,,,,,,,,,,,,,,,,,,,,,,,,,,,,,,,,,,,,,,,,,,,,,,,,,,,,,,,,,,,,,,,,,,,,,,,,,,,,,,,,,,,,,,,,,,,,,,,,,,,,,,,,,,,,,,,,,,,,,,,,,,,,,,,,,,,,,,,,,,,,,,,,,,,,,,,,,,,,,,,,,,,,,,,,,,,,,,,,,,,,,,,,,,,,,,,,,,,,,,,,,,,,,,,,,,,,,,,,,,,,,,,,,,,,,,,,,,,,,,,,,,,,,,,,,,,,,,,,,,1.0,0.0,0.0,93.0,0.0,1.0,15164116.0,0.0,0.0,15164115.0,0.0,0.0,0.0,0.0,0.0006979620000038267,0.0028910169999960544,0.0,153.034530154,153.05166899,153.035163182,0.0,153.035068394,153.051828712,153.051668373,0.0,0.0,0.0,0.0,0.0
6006856401938151541,0,5e4a09c72949f70c2bab629d3baca2d8,1098494,1624296979,1624301729,e3d1ab9c45e5bf782e9f49c2bd323c4b,gpfs,/gpfs/alpine,,,,,,,,,,,,,,,,,,,,,,,,,,,,,,,,,,,,,,,,,,,,,,,,,,,,,,,,,,,,,,,,,,,,,,,,,,,,,,,,,,,,,,,,,,,,,,,,,,,,,,,,,,,,,,,,,,,,,,,,,,,,,,,,,,,,,,,,,,,,,,,,,,,,,,,,,,,,,,,,,,,,,,,,,,,,,,,,,,,,,,,,,,,,,,,,,,,,,,,,,,,,,,,,,,,,,,,,,,,,,,,,,,,,,,,,,,,,,,,,,,,,,,,,,,,,,,,,,,,,,,,,,,,,,,,,,,,,,,,,,,,,,,,,,,,,,,,,,,,,,,,,,,,,,,,,,,,,,,,,,,,,,,,,,,,,,,,,,,,,,,,,,,,,,,,,,,,,,,,,,,,,,,,,,,,,,,,,,,,,,,,,,,,,,,,,,,,,,,,,,,,,,,,,,,,,,,,,,,,,,,,,,,,,,,,,,,,,,,,,,,,,,1.0,0.0,0.0,93.0,0.0,1.0,15163114.0,0.0,0.0,15163113.0,0.0,0.0,0.0,0.0,0.0006395299999439885,0.002920987999004865,0.0,1290.096776294,1290.113782634,1290.097332583,0.0,1290.097251583,1290.113946875,1290.113781771,0.0,0.0,0.0,0.0,0.0
6160541323083452533,0,5e4a09c72949f70c2bab629d3baca2d8,1098494,1624296979,1624301729,d8f5322bb18c89ecd0617bb2eb1e727c,gpfs,/gpfs/alpine,,,,,,,,,,,,,,,,,,,,,,,,,,,,,,,,,,,,,,,,,,,,,,,,,,,,,,,,,,,,,,,,,,,,,,,,,,,,,,,,,,,,,,,,,,,,,,,,,,,,,,,,,,,,,,,,,,,,,,,,,,,,,,,,,,,,,,,,,,,,,,,,,,,,,,,,,,,,,,,,,,,,,,,,,,,,,,,,,,,,,,,,,,,,,,,,,,,,,,,,,,,,,,,,,,,,,,,,,,,,,,,,,,,,,,,,,,,,,,,,,,,,,,,,,,,,,,,,,,,,,,,,,,,,,,,,,,,,,,,,,,,,,,,,,,,,,,,,,,,,,,,,,,,,,,,,,,,,,,,,,,,,,,,,,,,,,,,,,,,,,,,,,,,,,,,,,,,,,,,,,,,,,,,,,,,,,,,,,,,,,,,,,,,,,,,,,,,,,,,,,,,,,,,,,,,,,,,,,,,,,,,,,,,,,,,,,,,,,,,,,,,,,1.0,0.0,0.0,93.0,0.0,1.0,15163755.0,0.0,0.0,15163754.0,0.0,0.0,0.0,0.0,0.0007052319999729662,0.002955884000698461,0.0,958.475645289,958.492755552,958.476272312,0.0,958.476185485,958.492920588,958.492754837,0.0,0.0,0.0,0.0,0.0
6189542448260404990,0,5e4a09c72949f70c2bab629d3baca2d8,1098494,1624296979,1624301729,bcb024613f264adf08c75c8c6fbe57c0,gpfs,/gpfs/alpine,,,,,,,,,,,,,,,,,,,,,,,,,,,,,,,,,,,,,,,,,,,,,,,,,,,,,,,,,,,,,,,,,,,,,,,,,,,,,,,,,,,,,,,,,,,,,,,,,,,,,,,,,,,,,,,,,,,,,,,,,,,,,,,,,,,,,,,,,,,,,,,,,,,,,,,,,,,,,,,,,,,,,,,,,,,,,,,,,,,,,,,,,,,,,,,,,,,,,,,,,,,,,,,,,,,,,,,,,,,,,,,,,,,,,,,,,,,,,,,,,,,,,,,,,,,,,,,,,,,,,,,,,,,,,,,,,,,,,,,,,,,,,,,,,,,,,,,,,,,,,,,,,,,,,,,,,,,,,,,,,,,,,,,,,,,,,,,,,,,,,,,,,,,,,,,,,,,,,,,,,,,,,,,,,,,,,,,,,,,,,,,,,,,,,,,,,,,,,,,,,,,,,,,,,,,,,,,,,,,,,,,,,,,,,,,,,,,,,,,,,,,,,1.0,0.0,0.0,93.0,0.0,1.0,15163672.0,0.0,0.0,15163671.0,0.0,0.0,0.0,0.0,0.0006452729999182338,0.002908010003011441,0.0,3658.505803262,3658.522750033,3658.506369069,0.0,3658.506291466,3658.522907102,3658.522749076,0.0,0.0,0.0,0.0,0.0
6406750053070815051,0,5e4a09c72949f70c2bab629d3baca2d8,1098494,1624296979,1624301729,3072d90a6a0a0f8ca825cdb08776fef3,gpfs,/gpfs/alpine,,,,,,,,,,,,,,,,,,,,,,,,,,,,,,,,,,,,,,,,,,,,,,,,,,,,,,,,,,,,,,,,,,,,,,,,,,,,,,,,,,,,,,,,,,,,,,,,,,,,,,,,,,,,,,,,,,,,,,,,,,,,,,,,,,,,,,,,,,,,,,,,,,,,,,,,,,,,,,,,,,,,,,,,,,,,,,,,,,,,,,,,,,,,,,,,,,,,,,,,,,,,,,,,,,,,,,,,,,,,,,,,,,,,,,,,,,,,,,,,,,,,,,,,,,,,,,,,,,,,,,,,,,,,,,,,,,,,,,,,,,,,,,,,,,,,,,,,,,,,,,,,,,,,,,,,,,,,,,,,,,,,,,,,,,,,,,,,,,,,,,,,,,,,,,,,,,,,,,,,,,,,,,,,,,,,,,,,,,,,,,,,,,,,,,,,,,,,,,,,,,,,,,,,,,,,,,,,,,,,,,,,,,,,,,,,,,,,,,,,,,,,,1.0,0.0,0.0,93.0,0.0,1.0,15162806.0,0.0,0.0,15162805.0,0.0,0.0,0.0,0.0,0.0006665590001375676,0.0029301769989160675,0.0,1479.595179523,1479.612224707,1479.595755407,0.0,1479.595680025,1479.612390764,1479.612224071,0.0,0.0,0.0,0.0,0.0
6658226185316168475,0,5e4a09c72949f70c2bab629d3baca2d8,1098494,1624296979,1624301729,57f325e4eb0c447c5f143d4572fc4247,gpfs,/gpfs/alpine,,,,,,,,,,,,,,,,,,,,,,,,,,,,,,,,,,,,,,,,,,,,,,,,,,,,,,,,,,,,,,,,,,,,,,,,,,,,,,,,,,,,,,,,,,,,,,,,,,,,,,,,,,,,,,,,,,,,,,,,,,,,,,,,,,,,,,,,,,,,,,,,,,,,,,,,,,,,,,,,,,,,,,,,,,,,,,,,,,,,,,,,,,,,,,,,,,,,,,,,,,,,,,,,,,,,,,,,,,,,,,,,,,,,,,,,,,,,,,,,,,,,,,,,,,,,,,,,,,,,,,,,,,,,,,,,,,,,,,,,,,,,,,,,,,,,,,,,,,,,,,,,,,,,,,,,,,,,,,,,,,,,,,,,,,,,,,,,,,,,,,,,,,,,,,,,,,,,,,,,,,,,,,,,,,,,,,,,,,,,,,,,,,,,,,,,,,,,,,,,,,,,,,,,,,,,,,,,,,,,,,,,,,,,,,,,,,,,,,,,,,,,,1.0,0.0,0.0,93.0,0.0,1.0,15161815.0,0.0,0.0,15161814.0,0.0,0.0,0.0,0.0,0.0007325669998863304,0.0029954559986435925,0.0,1195.301658823,1195.318877421,1195.302312109,0.0,1195.30223347,1195.319035341,1195.318876614,0.0,0.0,0.0,0.0,0.0
6991731550910466416,0,5e4a09c72949f70c2bab629d3baca2d8,1098494,1624296979,1624301729,cda8d23f80b36d619c09a092d15a4e74,gpfs,/gpfs/alpine,,,,,,,,,,,,,,,,,,,,,,,,,,,,,,,,,,,,,,,,,,,,,,,,,,,,,,,,,,,,,,,,,,,,,,,,,,,,,,,,,,,,,,,,,,,,,,,,,,,,,,,,,,,,,,,,,,,,,,,,,,,,,,,,,,,,,,,,,,,,,,,,,,,,,,,,,,,,,,,,,,,,,,,,,,,,,,,,,,,,,,,,,,,,,,,,,,,,,,,,,,,,,,,,,,,,,,,,,,,,,,,,,,,,,,,,,,,,,,,,,,,,,,,,,,,,,,,,,,,,,,,,,,,,,,,,,,,,,,,,,,,,,,,,,,,,,,,,,,,,,,,,,,,,,,,,,,,,,,,,,,,,,,,,,,,,,,,,,,,,,,,,,,,,,,,,,,,,,,,,,,,,,,,,,,,,,,,,,,,,,,,,,,,,,,,,,,,,,,,,,,,,,,,,,,,,,,,,,,,,,,,,,,,,,,,,,,,,,,,,,,,,,1.0,0.0,0.0,93.0,0.0,1.0,15163415.0,0.0,0.0,15163414.0,0.0,0.0,0.0,0.0,0.0006298559997048869,0.002942222000001493,0.0,2995.352828118,2995.36977763,2995.353375752,0.0,2995.353298356,2995.369937248,2995.369777066,0.0,0.0,0.0,0.0,0.0
7329782652212358698,0,5e4a09c72949f70c2bab629d3baca2d8,1098494,1624296979,1624301729,752f6120cb2aee1cd2083a97968d67ae,gpfs,/gpfs/alpine,,,,,,,,,,,,,,,,,,,,,,,,,,,,,,,,,,,,,,,,,,,,,,,,,,,,,,,,,,,,,,,,,,,,,,,,,,,,,,,,,,,,,,,,,,,,,,,,,,,,,,,,,,,,,,,,,,,,,,,,,,,,,,,,,,,,,,,,,,,,,,,,,,,,,,,,,,,,,,,,,,,,,,,,,,,,,,,,,,,,,,,,,,,,,,,,,,,,,,,,,,,,,,,,,,,,,,,,,,,,,,,,,,,,,,,,,,,,,,,,,,,,,,,,,,,,,,,,,,,,,,,,,,,,,,,,,,,,,,,,,,,,,,,,,,,,,,,,,,,,,,,,,,,,,,,,,,,,,,,,,,,,,,,,,,,,,,,,,,,,,,,,,,,,,,,,,,,,,,,,,,,,,,,,,,,,,,,,,,,,,,,,,,,,,,,,,,,,,,,,,,,,,,,,,,,,,,,,,,,,,,,,,,,,,,,,,,,,,,,,,,,,,1.0,0.0,0.0,412.0,0.0,0.0,46001582.0,0.0,0.0,46001581.0,0.0,0.0,0.0,0.0,0.0006104440008130041,0.005460435986606171,0.0,4748.06102761,4748.074759259,4748.061452059,0.0,4748.0614402,4748.074957113,4748.074758071,0.0,0.0,0.0,0.0,0.0
7505973093688364768,0,5e4a09c72949f70c2bab629d3baca2d8,1098494,1624296979,1624301729,00cee6492cdea009ff76e0b5b95c99eb,gpfs,/gpfs/alpine,,,,,,,,,,,,,,,,,,,,,,,,,,,,,,,,,,,,,,,,,,,,,,,,,,,,,,,,,,,,,,,,,,,,,,,,,,,,,,,,,,,,,,,,,,,,,,,,,,,,,,,,,,,,,,,,,,,,,,,,,,,,,,,,,,,,,,,,,,,,,,,,,,,,,,,,,,,,,,,,,,,,,,,,,,,,,,,,,,,,,,,,,,,,,,,,,,,,,,,,,,,,,,,,,,,,,,,,,,,,,,,,,,,,,,,,,,,,,,,,,,,,,,,,,,,,,,,,,,,,,,,,,,,,,,,,,,,,,,,,,,,,,,,,,,,,,,,,,,,,,,,,,,,,,,,,,,,,,,,,,,,,,,,,,,,,,,,,,,,,,,,,,,,,,,,,,,,,,,,,,,,,,,,,,,,,,,,,,,,,,,,,,,,,,,,,,,,,,,,,,,,,,,,,,,,,,,,,,,,,,,,,,,,,,,,,,,,,,,,,,,,,,1.0,0.0,0.0,93.0,0.0,1.0,15163041.0,0.0,0.0,15163040.0,0.0,0.0,0.0,0.0,0.0006501739997020195,0.002900384001122802,0.0,1384.820538035,1384.837511264,1384.821106874,0.0,1384.821028897,1384.837670576,1384.837510258,0.0,0.0,0.0,0.0,0.0
8031864434000505689,0,5e4a09c72949f70c2bab629d3baca2d8,1098494,1624296979,1624301729,1a8333839d06217819635f178238c08c,gpfs,/gpfs/alpine,,,,,,,,,,,,,,,,,,,,,,,,,,,,,,,,,,,,,,,,,,,,,,,,,,,,,,,,,,,,,,,,,,,,,,,,,,,,,,,,,,,,,,,,,,,,,,,,,,,,,,,,,,,,,,,,,,,,,,,,,,,,,,,,,,,,,,,,,,,,,,,,,,,,,,,,,,,,,,,,,,,,,,,,,,,,,,,,,,,,,,,,,,,,,,,,,,,,,,,,,,,,,,,,,,,,,,,,,,,,,,,,,,,,,,,,,,,,,,,,,,,,,,,,,,,,,,,,,,,,,,,,,,,,,,,,,,,,,,,,,,,,,,,,,,,,,,,,,,,,,,,,,,,,,,,,,,,,,,,,,,,,,,,,,,,,,,,,,,,,,,,,,,,,,,,,,,,,,,,,,,,,,,,,,,,,,,,,,,,,,,,,,,,,,,,,,,,,,,,,,,,,,,,,,,,,,,,,,,,,,,,,,,,,,,,,,,,,,,,,,,,,,1.0,0.0,0.0,93.0,0.0,1.0,15165657.0,0.0,0.0,15165656.0,0.0,0.0,0.0,0.0,0.0006707779994030716,0.0028368799949021195,0.0,4653.242683583,4653.259521923,4653.24326661,0.0,4653.243185697,4653.259690587,4653.259521365,0.0,0.0,0.0,0.0,0.0
8115150967503601150,0,5e4a09c72949f70c2bab629d3baca2d8,1098494,1624296979,1624301729,c0545e53261e8ef3f6d01294c1464ab6,gpfs,/gpfs/alpine,,,,,,,,,,,,,,,,,,,,,,,,,,,,,,,,,,,,,,,,,,,,,,,,,,,,,,,,,,,,,,,,,,,,,,,,,,,,,,,,,,,,,,,,,,,,,,,,,,,,,,,,,,,,,,,,,,,,,,,,,,,,,,,,,,,,,,,,,,,,,,,,,,,,,,,,,,,,,,,,,,,,,,,,,,,,,,,,,,,,,,,,,,,,,,,,,,,,,,,,,,,,,,,,,,,,,,,,,,,,,,,,,,,,,,,,,,,,,,,,,,,,,,,,,,,,,,,,,,,,,,,,,,,,,,,,,,,,,,,,,,,,,,,,,,,,,,,,,,,,,,,,,,,,,,,,,,,,,,,,,,,,,,,,,,,,,,,,,,,,,,,,,,,,,,,,,,,,,,,,,,,,,,,,,,,,,,,,,,,,,,,,,,,,,,,,,,,,,,,,,,,,,,,,,,,,,,,,,,,,,,,,,,,,,,,,,,,,,,,,,,,,,1.0,0.0,0.0,93.0,0.0,1.0,15164414.0,0.0,0.0,15164413.0,0.0,0.0,0.0,0.0,0.0006961069998396852,0.002921853001225827,0.0,2853.253545526,2853.270658538,2853.25415193,0.0,2853.25407479,2853.270825381,2853.270657393,0.0,0.0,0.0,0.0,0.0
8741783901033324534,0,5e4a09c72949f70c2bab629d3baca2d8,1098494,1624296979,1624301729,b4ae30b5fcc090b67627ce3cb236cd6d,gpfs,/gpfs/alpine,,,,,,,,,,,,,,,,,,,,,,,,,,,,,,,,,,,,,,,,,,,,,,,,,,,,,,,,,,,,,,,,,,,,,,,,,,,,,,,,,,,,,,,,,,,,,,,,,,,,,,,,,,,,,,,,,,,,,,,,,,,,,,,,,,,,,,,,,,,,,,,,,,,,,,,,,,,,,,,,,,,,,,,,,,,,,,,,,,,,,,,,,,,,,,,,,,,,,,,,,,,,,,,,,,,,,,,,,,,,,,,,,,,,,,,,,,,,,,,,,,,,,,,,,,,,,,,,,,,,,,,,,,,,,,,,,,,,,,,,,,,,,,,,,,,,,,,,,,,,,,,,,,,,,,,,,,,,,,,,,,,,,,,,,,,,,,,,,,,,,,,,,,,,,,,,,,,,,,,,,,,,,,,,,,,,,,,,,,,,,,,,,,,,,,,,,,,,,,,,,,,,,,,,,,,,,,,,,,,,,,,,,,,,,,,,,,,,,,,,,,,,,1.0,0.0,0.0,93.0,0.0,1.0,15163922.0,0.0,0.0,15163921.0,0.0,0.0,0.0,0.0,0.0006714779997309961,0.002936493996912759,0.0,3516.351177284,3516.368147123,3516.35176588,0.0,3516.351685202,3516.368310683,3516.368146455,0.0,0.0,0.0,0.0,0.0
9004292583766229630,0,5e4a09c72949f70c2bab629d3baca2d8,1098494,1624296979,1624301729,8f4afdb0bcee32b4982e6ec35a840a35,gpfs,/gpfs/alpine,,,,,,,,,,,,,,,,,,,,,,,,,,,,,,,,,,,,,,,,,,,,,,,,,,,,,,,,,,,,,,,,,,,,,,,,,,,,,,,,,,,,,,,,,,,,,,,,,,,,,,,,,,,,,,,,,,,,,,,,,,,,,,,,,,,,,,,,,,,,,,,,,,,,,,,,,,,,,,,,,,,,,,,,,,,,,,,,,,,,,,,,,,,,,,,,,,,,,,,,,,,,,,,,,,,,,,,,,,,,,,,,,,,,,,,,,,,,,,,,,,,,,,,,,,,,,,,,,,,,,,,,,,,,,,,,,,,,,,,,,,,,,,,,,,,,,,,,,,,,,,,,,,,,,,,,,,,,,,,,,,,,,,,,,,,,,,,,,,,,,,,,,,,,,,,,,,,,,,,,,,,,,,,,,,,,,,,,,,,,,,,,,,,,,,,,,,,,,,,,,,,,,,,,,,,,,,,,,,,,,,,,,,,,,,,,,,,,,,,,,,,,,1.0,0.0,0.0,93.0,0.0,1.0,15163944.0,0.0,0.0,15163943.0,0.0,0.0,0.0,0.0,0.0007419989999561949,0.0029209510007603967,0.0,1053.218158988,1053.235298984,1053.218818091,0.0,1053.218739322,1053.235460649,1053.235298473,0.0,0.0,0.0,0.0,0.0
9190606629054536488,0,5e4a09c72949f70c2bab629d3baca2d8,1098494,1624296979,1624301729,bd42708b023526cd4386416aab11301a,gpfs,/gpfs/alpine,,,,,,,,,,,,,,,,,,,,,,,,,,,,,,,,,,,,,,,,,,,,,,,,,,,,,,,,,,,,,,,,,,,,,,,,,,,,,,,,,,,,,,,,,,,,,,,,,,,,,,,,,,,,,,,,,,,,,,,,,,,,,,,,,,,,,,,,,,,,,,,,,,,,,,,,,,,,,,,,,,,,,,,,,,,,,,,,,,,,,,,,,,,,,,,,,,,,,,,,,,,,,,,,,,,,,,,,,,,,,,,,,,,,,,,,,,,,,,,,,,,,,,,,,,,,,,,,,,,,,,,,,,,,,,,,,,,,,,,,,,,,,,,,,,,,,,,,,,,,,,,,,,,,,,,,,,,,,,,,,,,,,,,,,,,,,,,,,,,,,,,,,,,,,,,,,,,,,,,,,,,,,,,,,,,,,,,,,,,,,,,,,,,,,,,,,,,,,,,,,,,,,,,,,,,,,,,,,,,,,,,,,,,,,,,,,,,,,,,,,,,,,1.0,0.0,0.0,8000017.0,0.0,1000001.0,65447777.0,0.0,0.0,65447776.0,0.0,0.0,0.0,0.0,0.004334052999801941,27.614831326877994,0.0,9.684459319,4749.996308624,9.687815884,0.0,9.687790023,4749.997311973,4747.970179956,0.0,0.0,0.0,0.0,0.0
9307826347458130723,0,5e4a09c72949f70c2bab629d3baca2d8,1098494,1624296979,1624301729,84bb4bde68174a51b88678418c32daad,gpfs,/gpfs/alpine,,,,,,,,,,,,,,,,,,,,,,,,,,,,,,,,,,,,,,,,,,,,,,,,,,,,,,,,,,,,,,,,,,,,,,,,,,,,,,,,,,,,,,,,,,,,,,,,,,,,,,,,,,,,,,,,,,,,,,,,,,,,,,,,,,,,,,,,,,,,,,,,,,,,,,,,,,,,,,,,,,,,,,,,,,,,,,,,,,,,,,,,,,,,,,,,,,,,,,,,,,,,,,,,,,,,,,,,,,,,,,,,,,,,,,,,,,,,,,,,,,,,,,,,,,,,,,,,,,,,,,,,,,,,,,,,,,,,,,,,,,,,,,,,,,,,,,,,,,,,,,,,,,,,,,,,,,,,,,,,,,,,,,,,,,,,,,,,,,,,,,,,,,,,,,,,,,,,,,,,,,,,,,,,,,,,,,,,,,,,,,,,,,,,,,,,,,,,,,,,,,,,,,,,,,,,,,,,,,,,,,,,,,,,,,,,,,,,,,,,,,,,,1.0,0.0,0.0,93.0,0.0,1.0,15163835.0,0.0,0.0,15163834.0,0.0,0.0,0.0,0.0,0.0006853119998595503,0.002915983001003042,0.0,1100.539371458,1100.556423016,1100.53997093,0.0,1100.539890085,1100.556589701,1100.556422331,0.0,0.0,0.0,0.0,0.0
9347051221531413918,0,5e4a09c72949f70c2bab629d3baca2d8,1098494,1624296979,1624301729,014e1ae4d65738a401bd25dc084b2e89,gpfs,/gpfs/alpine,,,,,,,,,,,,,,,,,,,,,,,,,,,,,,,,,,,,,,,,,,,,,,,,,,,,,,,,,,,,,,,,,,,,,,,,,,,,,,,,,,,,,,,,,,,,,,,,,,,,,,,,,,,,,,,,,,,,,,,,,,,,,,,,,,,,,,,,,,,,,,,,,,,,,,,,,,,,,,,,,,,,,,,,,,,,,,,,,,,,,,,,,,,,,,,,,,,,,,,,,,,,,,,,,,,,,,,,,,,,,,,,,,,,,,,,,,,,,,,,,,,,,,,,,,,,,,,,,,,,,,,,,,,,,,,,,,,,,,,,,,,,,,,,,,,,,,,,,,,,,,,,,,,,,,,,,,,,,,,,,,,,,,,,,,,,,,,,,,,,,,,,,,,,,,,,,,,,,,,,,,,,,,,,,,,,,,,,,,,,,,,,,,,,,,,,,,,,,,,,,,,,,,,,,,,,,,,,,,,,,,,,,,,,,,,,,,,,,,,,,,,,,1.0,0.0,0.0,93.0,0.0,1.0,15162440.0,0.0,0.0,15162439.0,0.0,0.0,0.0,0.0,0.0006404880000445701,0.0028661589998364434,0.0,484.743701716,484.760629136,484.744255882,0.0,484.744179972,484.760791368,484.760628505,0.0,0.0,0.0,0.0,0.0
9607613149435268633,0,5e4a09c72949f70c2bab629d3baca2d8,1098494,1624296979,1624301729,e7b14f555eb9ef8177aac4f184b69bcd,gpfs,/gpfs/alpine,,,,,,,,,,,,,,,,,,,,,,,,,,,,,,,,,,,,,,,,,,,,,,,,,,,,,,,,,,,,,,,,,,,,,,,,,,,,,,,,,,,,,,,,,,,,,,,,,,,,,,,,,,,,,,,,,,,,,,,,,,,,,,,,,,,,,,,,,,,,,,,,,,,,,,,,,,,,,,,,,,,,,,,,,,,,,,,,,,,,,,,,,,,,,,,,,,,,,,,,,,,,,,,,,,,,,,,,,,,,,,,,,,,,,,,,,,,,,,,,,,,,,,,,,,,,,,,,,,,,,,,,,,,,,,,,,,,,,,,,,,,,,,,,,,,,,,,,,,,,,,,,,,,,,,,,,,,,,,,,,,,,,,,,,,,,,,,,,,,,,,,,,,,,,,,,,,,,,,,,,,,,,,,,,,,,,,,,,,,,,,,,,,,,,,,,,,,,,,,,,,,,,,,,,,,,,,,,,,,,,,,,,,,,,,,,,,,,,,,,,,,,,1.0,0.0,0.0,93.0,0.0,1.0,15164542.0,0.0,0.0,15164541.0,0.0,0.0,0.0,0.0,0.0006290540000009059,0.0028457359999265464,0.0,3563.680669827,3563.697551498,3563.68121913,0.0,3563.68113841,3563.697711969,3563.697550916,0.0,0.0,0.0,0.0,0.0
9729330422382987312,0,5e4a09c72949f70c2bab629d3baca2d8,1098494,1624296979,1624301729,0bbc0dd7cbf1fd498b6845ce325a4146,gpfs,/gpfs/alpine,,,,,,,,,,,,,,,,,,,,,,,,,,,,,,,,,,,,,,,,,,,,,,,,,,,,,,,,,,,,,,,,,,,,,,,,,,,,,,,,,,,,,,,,,,,,,,,,,,,,,,,,,,,,,,,,,,,,,,,,,,,,,,,,,,,,,,,,,,,,,,,,,,,,,,,,,,,,,,,,,,,,,,,,,,,,,,,,,,,,,,,,,,,,,,,,,,,,,,,,,,,,,,,,,,,,,,,,,,,,,,,,,,,,,,,,,,,,,,,,,,,,,,,,,,,,,,,,,,,,,,,,,,,,,,,,,,,,,,,,,,,,,,,,,,,,,,,,,,,,,,,,,,,,,,,,,,,,,,,,,,,,,,,,,,,,,,,,,,,,,,,,,,,,,,,,,,,,,,,,,,,,,,,,,,,,,,,,,,,,,,,,,,,,,,,,,,,,,,,,,,,,,,,,,,,,,,,,,,,,,,,,,,,,,,,,,,,,,,,,,,,,,1.0,0.0,0.0,93.0,0.0,1.0,15163111.0,0.0,0.0,15163110.0,0.0,0.0,0.0,0.0,0.0006795439999223163,0.002871239999194586,0.0,1432.228321626,1432.245285914,1432.228914915,0.0,1432.228835024,1432.24545206,1432.245284778,0.0,0.0,0.0,0.0,0.0
9815975952105368494,0,5e4a09c72949f70c2bab629d3baca2d8,1098494,1624296979,1624301729,0b9b75e8b2a5645e708b641804790159,gpfs,/gpfs/alpine,,,,,,,,,,,,,,,,,,,,,,,,,,,,,,,,,,,,,,,,,,,,,,,,,,,,,,,,,,,,,,,,,,,,,,,,,,,,,,,,,,,,,,,,,,,,,,,,,,,,,,,,,,,,,,,,,,,,,,,,,,,,,,,,,,,,,,,,,,,,,,,,,,,,,,,,,,,,,,,,,,,,,,,,,,,,,,,,,,,,,,,,,,,,,,,,,,,,,,,,,,,,,,,,,,,,,,,,,,,,,,,,,,,,,,,,,,,,,,,,,,,,,,,,,,,,,,,,,,,,,,,,,,,,,,,,,,,,,,,,,,,,,,,,,,,,,,,,,,,,,,,,,,,,,,,,,,,,,,,,,,,,,,,,,,,,,,,,,,,,,,,,,,,,,,,,,,,,,,,,,,,,,,,,,,,,,,,,,,,,,,,,,,,,,,,,,,,,,,,,,,,,,,,,,,,,,,,,,,,,,,,,,,,,,,,,,,,,,,,,,,,,,1.0,0.0,0.0,93.0,0.0,1.0,15164133.0,0.0,0.0,15164132.0,0.0,0.0,0.0,0.0,0.0006152889998247701,0.002917595000099027,0.0,2000.658382194,2000.675316608,2000.658919261,0.0,2000.658839775,2000.675474316,2000.675315958,0.0,0.0,0.0,0.0,0.0
10235900672789342351,0,5e4a09c72949f70c2bab629d3baca2d8,1098494,1624296979,1624301729,dcd1908c8a5cc87a3d4f00f85cb2e58d,gpfs,/gpfs/alpine,,,,,,,,,,,,,,,,,,,,,,,,,,,,,,,,,,,,,,,,,,,,,,,,,,,,,,,,,,,,,,,,,,,,,,,,,,,,,,,,,,,,,,,,,,,,,,,,,,,,,,,,,,,,,,,,,,,,,,,,,,,,,,,,,,,,,,,,,,,,,,,,,,,,,,,,,,,,,,,,,,,,,,,,,,,,,,,,,,,,,,,,,,,,,,,,,,,,,,,,,,,,,,,,,,,,,,,,,,,,,,,,,,,,,,,,,,,,,,,,,,,,,,,,,,,,,,,,,,,,,,,,,,,,,,,,,,,,,,,,,,,,,,,,,,,,,,,,,,,,,,,,,,,,,,,,,,,,,,,,,,,,,,,,,,,,,,,,,,,,,,,,,,,,,,,,,,,,,,,,,,,,,,,,,,,,,,,,,,,,,,,,,,,,,,,,,,,,,,,,,,,,,,,,,,,,,,,,,,,,,,,,,,,,,,,,,,,,,,,,,,,,,1.0,0.0,0.0,93.0,0.0,1.0,15162512.0,0.0,0.0,15162511.0,0.0,0.0,0.0,0.0,0.0007096260000025723,0.002914163999776065,0.0,579.51631582,579.533431297,579.516936398,0.0,579.516860811,579.533595932,579.533430255,0.0,0.0,0.0,0.0,0.0
10431564990557456915,0,5e4a09c72949f70c2bab629d3baca2d8,1098494,1624296979,1624301729,d9f397016040eeadc772d6da55ab3533,gpfs,/gpfs/alpine,,,,,,,,,,,,,,,,,,,,,,,,,,,,,,,,,,,,,,,,,,,,,,,,,,,,,,,,,,,,,,,,,,,,,,,,,,,,,,,,,,,,,,,,,,,,,,,,,,,,,,,,,,,,,,,,,,,,,,,,,,,,,,,,,,,,,,,,,,,,,,,,,,,,,,,,,,,,,,,,,,,,,,,,,,,,,,,,,,,,,,,,,,,,,,,,,,,,,,,,,,,,,,,,,,,,,,,,,,,,,,,,,,,,,,,,,,,,,,,,,,,,,,,,,,,,,,,,,,,,,,,,,,,,,,,,,,,,,,,,,,,,,,,,,,,,,,,,,,,,,,,,,,,,,,,,,,,,,,,,,,,,,,,,,,,,,,,,,,,,,,,,,,,,,,,,,,,,,,,,,,,,,,,,,,,,,,,,,,,,,,,,,,,,,,,,,,,,,,,,,,,,,,,,,,,,,,,,,,,,,,,,,,,,,,,,,,,,,,,,,,,,,1.0,0.0,0.0,93.0,0.0,1.0,15165200.0,0.0,0.0,15165199.0,0.0,0.0,0.0,0.0,0.000711530000444327,0.002925239001342561,0.0,4369.008710945,4369.025690119,4369.009336894,0.0,4369.009251971,4369.025860623,4369.02568953,0.0,0.0,0.0,0.0,0.0
10435781874410362192,0,5e4a09c72949f70c2bab629d3baca2d8,1098494,1624296979,1624301729,371701691f32eaf8b491ab78209eff53,gpfs,/gpfs/alpine,,,,,,,,,,,,,,,,,,,,,,,,,,,,,,,,,,,,,,,,,,,,,,,,,,,,,,,,,,,,,,,,,,,,,,,,,,,,,,,,,,,,,,,,,,,,,,,,,,,,,,,,,,,,,,,,,,,,,,,,,,,,,,,,,,,,,,,,,,,,,,,,,,,,,,,,,,,,,,,,,,,,,,,,,,,,,,,,,,,,,,,,,,,,,,,,,,,,,,,,,,,,,,,,,,,,,,,,,,,,,,,,,,,,,,,,,,,,,,,,,,,,,,,,,,,,,,,,,,,,,,,,,,,,,,,,,,,,,,,,,,,,,,,,,,,,,,,,,,,,,,,,,,,,,,,,,,,,,,,,,,,,,,,,,,,,,,,,,,,,,,,,,,,,,,,,,,,,,,,,,,,,,,,,,,,,,,,,,,,,,,,,,,,,,,,,,,,,,,,,,,,,,,,,,,,,,,,,,,,,,,,,,,,,,,,,,,,,,,,,,,,,,1.0,0.0,0.0,93.0,0.0,1.0,15164335.0,0.0,0.0,15164334.0,0.0,0.0,0.0,0.0,0.0006500579997918976,0.0030061489997024182,0.0,2332.270138939,2332.287140501,2332.270702933,0.0,2332.270622692,2332.287306806,2332.287139651,0.0,0.0,0.0,0.0,0.0
10445169647167752363,0,5e4a09c72949f70c2bab629d3baca2d8,1098494,1624296979,1624301729,966ba487b7857a2786a321425cdd53e0,gpfs,/gpfs/alpine,,,,,,,,,,,,,,,,,,,,,,,,,,,,,,,,,,,,,,,,,,,,,,,,,,,,,,,,,,,,,,,,,,,,,,,,,,,,,,,,,,,,,,,,,,,,,,,,,,,,,,,,,,,,,,,,,,,,,,,,,,,,,,,,,,,,,,,,,,,,,,,,,,,,,,,,,,,,,,,,,,,,,,,,,,,,,,,,,,,,,,,,,,,,,,,,,,,,,,,,,,,,,,,,,,,,,,,,,,,,,,,,,,,,,,,,,,,,,,,,,,,,,,,,,,,,,,,,,,,,,,,,,,,,,,,,,,,,,,,,,,,,,,,,,,,,,,,,,,,,,,,,,,,,,,,,,,,,,,,,,,,,,,,,,,,,,,,,,,,,,,,,,,,,,,,,,,,,,,,,,,,,,,,,,,,,,,,,,,,,,,,,,,,,,,,,,,,,,,,,,,,,,,,,,,,,,,,,,,,,,,,,,,,,,,,,,,,,,,,,,,,,,1.0,0.0,0.0,93.0,0.0,1.0,15162563.0,0.0,0.0,15162562.0,0.0,0.0,0.0,0.0,0.0006752610001967696,0.0029787589999159536,0.0,1811.159594072,1811.176632241,1811.160186455,0.0,1811.160105759,1811.176795815,1811.17663161,0.0,0.0,0.0,0.0,0.0
10581389706266497081,0,5e4a09c72949f70c2bab629d3baca2d8,1098494,1624296979,1624301729,41c8e3bafb730b55a07309b51d505aa1,gpfs,/gpfs/alpine,,,,,,,,,,,,,,,,,,,,,,,,,,,,,,,,,,,,,,,,,,,,,,,,,,,,,,,,,,,,,,,,,,,,,,,,,,,,,,,,,,,,,,,,,,,,,,,,,,,,,,,,,,,,,,,,,,,,,,,,,,,,,,,,,,,,,,,,,,,,,,,,,,,,,,,,,,,,,,,,,,,,,,,,,,,,,,,,,,,,,,,,,,,,,,,,,,,,,,,,,,,,,,,,,,,,,,,,,,,,,,,,,,,,,,,,,,,,,,,,,,,,,,,,,,,,,,,,,,,,,,,,,,,,,,,,,,,,,,,,,,,,,,,,,,,,,,,,,,,,,,,,,,,,,,,,,,,,,,,,,,,,,,,,,,,,,,,,,,,,,,,,,,,,,,,,,,,,,,,,,,,,,,,,,,,,,,,,,,,,,,,,,,,,,,,,,,,,,,,,,,,,,,,,,,,,,,,,,,,,,,,,,,,,,,,,,,,,,,,,,,,,,1.0,0.0,0.0,93.0,0.0,1.0,15166996.0,0.0,0.0,15166995.0,0.0,0.0,0.0,0.0,0.0006292990001384169,0.002916452000135905,0.0,4558.477484695,4558.494370327,4558.478032837,0.0,4558.477958608,4558.494525713,4558.494369583,0.0,0.0,0.0,0.0,0.0
10688934434367011240,0,5e4a09c72949f70c2bab629d3baca2d8,1098494,1624296979,1624301729,64fea4a3f3e54708aa98ccb090a0e214,gpfs,/gpfs/alpine,,,,,,,,,,,,,,,,,,,,,,,,,,,,,,,,,,,,,,,,,,,,,,,,,,,,,,,,,,,,,,,,,,,,,,,,,,,,,,,,,,,,,,,,,,,,,,,,,,,,,,,,,,,,,,,,,,,,,,,,,,,,,,,,,,,,,,,,,,,,,,,,,,,,,,,,,,,,,,,,,,,,,,,,,,,,,,,,,,,,,,,,,,,,,,,,,,,,,,,,,,,,,,,,,,,,,,,,,,,,,,,,,,,,,,,,,,,,,,,,,,,,,,,,,,,,,,,,,,,,,,,,,,,,,,,,,,,,,,,,,,,,,,,,,,,,,,,,,,,,,,,,,,,,,,,,,,,,,,,,,,,,,,,,,,,,,,,,,,,,,,,,,,,,,,,,,,,,,,,,,,,,,,,,,,,,,,,,,,,,,,,,,,,,,,,,,,,,,,,,,,,,,,,,,,,,,,,,,,,,,,,,,,,,,,,,,,,,,,,,,,,,,1.0,0.0,0.0,93.0,0.0,1.0,15165077.0,0.0,0.0,15165076.0,0.0,0.0,0.0,0.0,0.0006430200000977493,0.0029006270015088376,0.0,3895.335473543,3895.352417305,3895.336035474,0.0,3895.335957242,3895.352576626,3895.352416774,0.0,0.0,0.0,0.0,0.0
10887662035465899905,0,5e4a09c72949f70c2bab629d3baca2d8,1098494,1624296979,1624301729,e1ece2feeb110a85f7dd9e8101c68aed,gpfs,/gpfs/alpine,,,,,,,,,,,,,,,,,,,,,,,,,,,,,,,,,,,,,,,,,,,,,,,,,,,,,,,,,,,,,,,,,,,,,,,,,,,,,,,,,,,,,,,,,,,,,,,,,,,,,,,,,,,,,,,,,,,,,,,,,,,,,,,,,,,,,,,,,,,,,,,,,,,,,,,,,,,,,,,,,,,,,,,,,,,,,,,,,,,,,,,,,,,,,,,,,,,,,,,,,,,,,,,,,,,,,,,,,,,,,,,,,,,,,,,,,,,,,,,,,,,,,,,,,,,,,,,,,,,,,,,,,,,,,,,,,,,,,,,,,,,,,,,,,,,,,,,,,,,,,,,,,,,,,,,,,,,,,,,,,,,,,,,,,,,,,,,,,,,,,,,,,,,,,,,,,,,,,,,,,,,,,,,,,,,,,,,,,,,,,,,,,,,,,,,,,,,,,,,,,,,,,,,,,,,,,,,,,,,,,,,,,,,,,,,,,,,,,,,,,,,,,1.0,0.0,0.0,93.0,0.0,1.0,15165324.0,0.0,0.0,15165323.0,0.0,0.0,0.0,0.0,0.0006305119995886344,0.0028639420015679207,0.0,4226.855650861,4226.872597421,4226.856203708,0.0,4226.856127161,4226.872751633,4226.872596587,0.0,0.0,0.0,0.0,0.0
10909613480324289659,0,5e4a09c72949f70c2bab629d3baca2d8,1098494,1624296979,1624301729,c5eb24174e2e77330175cdbe9b719441,gpfs,/gpfs/alpine,,,,,,,,,,,,,,,,,,,,,,,,,,,,,,,,,,,,,,,,,,,,,,,,,,,,,,,,,,,,,,,,,,,,,,,,,,,,,,,,,,,,,,,,,,,,,,,,,,,,,,,,,,,,,,,,,,,,,,,,,,,,,,,,,,,,,,,,,,,,,,,,,,,,,,,,,,,,,,,,,,,,,,,,,,,,,,,,,,,,,,,,,,,,,,,,,,,,,,,,,,,,,,,,,,,,,,,,,,,,,,,,,,,,,,,,,,,,,,,,,,,,,,,,,,,,,,,,,,,,,,,,,,,,,,,,,,,,,,,,,,,,,,,,,,,,,,,,,,,,,,,,,,,,,,,,,,,,,,,,,,,,,,,,,,,,,,,,,,,,,,,,,,,,,,,,,,,,,,,,,,,,,,,,,,,,,,,,,,,,,,,,,,,,,,,,,,,,,,,,,,,,,,,,,,,,,,,,,,,,,,,,,,,,,,,,,,,,,,,,,,,,,1.0,0.0,0.0,93.0,0.0,1.0,15161994.0,0.0,0.0,15161993.0,0.0,0.0,0.0,0.0,0.000654943999961688,0.0028371190003326774,0.0,1526.992458795,1527.00934037,1526.993028637,0.0,1526.992946849,1527.00950726,1527.009339405,0.0,0.0,0.0,0.0,0.0
11089375362644749110,0,5e4a09c72949f70c2bab629d3baca2d8,1098494,1624296979,1624301729,827e5061c172f0ef9c961da1b800eadf,gpfs,/gpfs/alpine,,,,,,,,,,,,,,,,,,,,,,,,,,,,,,,,,,,,,,,,,,,,,,,,,,,,,,,,,,,,,,,,,,,,,,,,,,,,,,,,,,,,,,,,,,,,,,,,,,,,,,,,,,,,,,,,,,,,,,,,,,,,,,,,,,,,,,,,,,,,,,,,,,,,,,,,,,,,,,,,,,,,,,,,,,,,,,,,,,,,,,,,,,,,,,,,,,,,,,,,,,,,,,,,,,,,,,,,,,,,,,,,,,,,,,,,,,,,,,,,,,,,,,,,,,,,,,,,,,,,,,,,,,,,,,,,,,,,,,,,,,,,,,,,,,,,,,,,,,,,,,,,,,,,,,,,,,,,,,,,,,,,,,,,,,,,,,,,,,,,,,,,,,,,,,,,,,,,,,,,,,,,,,,,,,,,,,,,,,,,,,,,,,,,,,,,,,,,,,,,,,,,,,,,,,,,,,,,,,,,,,,,,,,,,,,,,,,,,,,,,,,,,1.0,0.0,0.0,93.0,0.0,1.0,15164560.0,0.0,0.0,15164559.0,0.0,0.0,0.0,0.0,0.0006780759999855945,0.0030193339975994604,0.0,2190.184163448,2190.201282986,2190.184757114,0.0,2190.184673103,2190.201451407,2190.201282306,0.0,0.0,0.0,0.0,0.0
11145061871383836159,0,5e4a09c72949f70c2bab629d3baca2d8,1098494,1624296979,1624301729,3f9e503722dfbff4981aab73676a694f,gpfs,/gpfs/alpine,,,,,,,,,,,,,,,,,,,,,,,,,,,,,,,,,,,,,,,,,,,,,,,,,,,,,,,,,,,,,,,,,,,,,,,,,,,,,,,,,,,,,,,,,,,,,,,,,,,,,,,,,,,,,,,,,,,,,,,,,,,,,,,,,,,,,,,,,,,,,,,,,,,,,,,,,,,,,,,,,,,,,,,,,,,,,,,,,,,,,,,,,,,,,,,,,,,,,,,,,,,,,,,,,,,,,,,,,,,,,,,,,,,,,,,,,,,,,,,,,,,,,,,,,,,,,,,,,,,,,,,,,,,,,,,,,,,,,,,,,,,,,,,,,,,,,,,,,,,,,,,,,,,,,,,,,,,,,,,,,,,,,,,,,,,,,,,,,,,,,,,,,,,,,,,,,,,,,,,,,,,,,,,,,,,,,,,,,,,,,,,,,,,,,,,,,,,,,,,,,,,,,,,,,,,,,,,,,,,,,,,,,,,,,,,,,,,,,,,,,,,,,1.0,0.0,0.0,93.0,0.0,1.0,15163020.0,0.0,0.0,15163019.0,0.0,0.0,0.0,0.0,0.0006577750002634275,0.0028876750013751007,0.0,1669.071100554,1669.088052572,1669.071674951,0.0,1669.071596897,1669.088214004,1669.088051955,0.0,0.0,0.0,0.0,0.0
11332204772003129279,0,5e4a09c72949f70c2bab629d3baca2d8,1098494,1624296979,1624301729,40d76d6cf65fad3893ce1c364d207a31,gpfs,/gpfs/alpine,,,,,,,,,,,,,,,,,,,,,,,,,,,,,,,,,,,,,,,,,,,,,,,,,,,,,,,,,,,,,,,,,,,,,,,,,,,,,,,,,,,,,,,,,,,,,,,,,,,,,,,,,,,,,,,,,,,,,,,,,,,,,,,,,,,,,,,,,,,,,,,,,,,,,,,,,,,,,,,,,,,,,,,,,,,,,,,,,,,,,,,,,,,,,,,,,,,,,,,,,,,,,,,,,,,,,,,,,,,,,,,,,,,,,,,,,,,,,,,,,,,,,,,,,,,,,,,,,,,,,,,,,,,,,,,,,,,,,,,,,,,,,,,,,,,,,,,,,,,,,,,,,,,,,,,,,,,,,,,,,,,,,,,,,,,,,,,,,,,,,,,,,,,,,,,,,,,,,,,,,,,,,,,,,,,,,,,,,,,,,,,,,,,,,,,,,,,,,,,,,,,,,,,,,,,,,,,,,,,,,,,,,,,,,,,,,,,,,,,,,,,,,1.0,0.0,0.0,93.0,0.0,1.0,15161685.0,0.0,0.0,15161684.0,0.0,0.0,0.0,0.0,0.0006772950002869038,0.00292028100011521,0.0,1716.471953862,1716.489000548,1716.472542285,0.0,1716.472466612,1716.489165093,1716.488999761,0.0,0.0,0.0,0.0,0.0
11334134920325221624,0,5e4a09c72949f70c2bab629d3baca2d8,1098494,1624296979,1624301729,e110f78ebbbd737ecc24f97150dd22a6,gpfs,/gpfs/alpine,,,,,,,,,,,,,,,,,,,,,,,,,,,,,,,,,,,,,,,,,,,,,,,,,,,,,,,,,,,,,,,,,,,,,,,,,,,,,,,,,,,,,,,,,,,,,,,,,,,,,,,,,,,,,,,,,,,,,,,,,,,,,,,,,,,,,,,,,,,,,,,,,,,,,,,,,,,,,,,,,,,,,,,,,,,,,,,,,,,,,,,,,,,,,,,,,,,,,,,,,,,,,,,,,,,,,,,,,,,,,,,,,,,,,,,,,,,,,,,,,,,,,,,,,,,,,,,,,,,,,,,,,,,,,,,,,,,,,,,,,,,,,,,,,,,,,,,,,,,,,,,,,,,,,,,,,,,,,,,,,,,,,,,,,,,,,,,,,,,,,,,,,,,,,,,,,,,,,,,,,,,,,,,,,,,,,,,,,,,,,,,,,,,,,,,,,,,,,,,,,,,,,,,,,,,,,,,,,,,,,,,,,,,,,,,,,,,,,,,,,,,,,1.0,0.0,0.0,93.0,0.0,1.0,15165301.0,0.0,0.0,15165300.0,0.0,0.0,0.0,0.0,0.0006570790001205751,0.0029199179971328704,0.0,4321.615414582,4321.632438836,4321.61598075,0.0,4321.615903588,4321.632606909,4321.632437975,0.0,0.0,0.0,0.0,0.0
11532281049721162837,0,5e4a09c72949f70c2bab629d3baca2d8,1098494,1624296979,1624301729,132cfac753531006235da1e62b2b13b7,gpfs,/gpfs/alpine,,,,,,,,,,,,,,,,,,,,,,,,,,,,,,,,,,,,,,,,,,,,,,,,,,,,,,,,,,,,,,,,,,,,,,,,,,,,,,,,,,,,,,,,,,,,,,,,,,,,,,,,,,,,,,,,,,,,,,,,,,,,,,,,,,,,,,,,,,,,,,,,,,,,,,,,,,,,,,,,,,,,,,,,,,,,,,,,,,,,,,,,,,,,,,,,,,,,,,,,,,,,,,,,,,,,,,,,,,,,,,,,,,,,,,,,,,,,,,,,,,,,,,,,,,,,,,,,,,,,,,,,,,,,,,,,,,,,,,,,,,,,,,,,,,,,,,,,,,,,,,,,,,,,,,,,,,,,,,,,,,,,,,,,,,,,,,,,,,,,,,,,,,,,,,,,,,,,,,,,,,,,,,,,,,,,,,,,,,,,,,,,,,,,,,,,,,,,,,,,,,,,,,,,,,,,,,,,,,,,,,,,,,,,,,,,,,,,,,,,,,,,,1.0,0.0,0.0,93.0,0.0,1.0,15164009.0,0.0,0.0,15164008.0,0.0,0.0,0.0,0.0,0.0012857240000059278,0.002925070000010521,0.0,58.304897323,58.322735863,58.306089744,0.0,58.306014881,58.322904029,58.322735012,0.0,0.0,0.0,0.0,0.0
11780073022624287215,0,5e4a09c72949f70c2bab629d3baca2d8,1098494,1624296979,1624301729,1f81b76b9f5adc0c4a90b889016bab1c,gpfs,/gpfs/alpine,,,,,,,,,,,,,,,,,,,,,,,,,,,,,,,,,,,,,,,,,,,,,,,,,,,,,,,,,,,,,,,,,,,,,,,,,,,,,,,,,,,,,,,,,,,,,,,,,,,,,,,,,,,,,,,,,,,,,,,,,,,,,,,,,,,,,,,,,,,,,,,,,,,,,,,,,,,,,,,,,,,,,,,,,,,,,,,,,,,,,,,,,,,,,,,,,,,,,,,,,,,,,,,,,,,,,,,,,,,,,,,,,,,,,,,,,,,,,,,,,,,,,,,,,,,,,,,,,,,,,,,,,,,,,,,,,,,,,,,,,,,,,,,,,,,,,,,,,,,,,,,,,,,,,,,,,,,,,,,,,,,,,,,,,,,,,,,,,,,,,,,,,,,,,,,,,,,,,,,,,,,,,,,,,,,,,,,,,,,,,,,,,,,,,,,,,,,,,,,,,,,,,,,,,,,,,,,,,,,,,,,,,,,,,,,,,,,,,,,,,,,,,1.0,0.0,0.0,93.0,0.0,1.0,15164210.0,0.0,0.0,15164209.0,0.0,0.0,0.0,0.0,0.0006489670004157233,0.002894958998695074,0.0,4179.52216102,4179.539135307,4179.522722263,0.0,4179.522645248,4179.539300046,4179.539134477,0.0,0.0,0.0,0.0,0.0
11833037533351832307,0,5e4a09c72949f70c2bab629d3baca2d8,1098494,1624296979,1624301729,e42a2bb1eea8a636970363ac94bd507e,gpfs,/gpfs/alpine,,,,,,,,,,,,,,,,,,,,,,,,,,,,,,,,,,,,,,,,,,,,,,,,,,,,,,,,,,,,,,,,,,,,,,,,,,,,,,,,,,,,,,,,,,,,,,,,,,,,,,,,,,,,,,,,,,,,,,,,,,,,,,,,,,,,,,,,,,,,,,,,,,,,,,,,,,,,,,,,,,,,,,,,,,,,,,,,,,,,,,,,,,,,,,,,,,,,,,,,,,,,,,,,,,,,,,,,,,,,,,,,,,,,,,,,,,,,,,,,,,,,,,,,,,,,,,,,,,,,,,,,,,,,,,,,,,,,,,,,,,,,,,,,,,,,,,,,,,,,,,,,,,,,,,,,,,,,,,,,,,,,,,,,,,,,,,,,,,,,,,,,,,,,,,,,,,,,,,,,,,,,,,,,,,,,,,,,,,,,,,,,,,,,,,,,,,,,,,,,,,,,,,,,,,,,,,,,,,,,,,,,,,,,,,,,,,,,,,,,,,,,,1.0,0.0,0.0,93.0,0.0,1.0,15163924.0,0.0,0.0,15163923.0,0.0,0.0,0.0,0.0,0.0006477849999555474,0.00292249999915839,0.0,1858.530123526,1858.547060687,1858.530684179,0.0,1858.530610753,1858.547221245,1858.54706006,0.0,0.0,0.0,0.0,0.0
12317628000591459474,0,5e4a09c72949f70c2bab629d3baca2d8,1098494,1624296979,1624301729,e87b320a53e902779a04ea629b52d4aa,gpfs,/gpfs/alpine,,,,,,,,,,,,,,,,,,,,,,,,,,,,,,,,,,,,,,,,,,,,,,,,,,,,,,,,,,,,,,,,,,,,,,,,,,,,,,,,,,,,,,,,,,,,,,,,,,,,,,,,,,,,,,,,,,,,,,,,,,,,,,,,,,,,,,,,,,,,,,,,,,,,,,,,,,,,,,,,,,,,,,,,,,,,,,,,,,,,,,,,,,,,,,,,,,,,,,,,,,,,,,,,,,,,,,,,,,,,,,,,,,,,,,,,,,,,,,,,,,,,,,,,,,,,,,,,,,,,,,,,,,,,,,,,,,,,,,,,,,,,,,,,,,,,,,,,,,,,,,,,,,,,,,,,,,,,,,,,,,,,,,,,,,,,,,,,,,,,,,,,,,,,,,,,,,,,,,,,,,,,,,,,,,,,,,,,,,,,,,,,,,,,,,,,,,,,,,,,,,,,,,,,,,,,,,,,,,,,,,,,,,,,,,,,,,,,,,,,,,,,,1.0,0.0,0.0,93.0,0.0,1.0,15164096.0,0.0,0.0,15164095.0,0.0,0.0,0.0,0.0,0.0006319589997474395,0.0028924879993610375,0.0,3847.958381234,3847.975183067,3847.958925707,0.0,3847.958848882,3847.975347378,3847.975182371,0.0,0.0,0.0,0.0,0.0
12608400177555250479,0,5e4a09c72949f70c2bab629d3baca2d8,1098494,1624296979,1624301729,fdd55f6895cf89d37b5eddc69366ad5e,gpfs,/gpfs/alpine,,,,,,,,,,,,,,,,,,,,,,,,,,,,,,,,,,,,,,,,,,,,,,,,,,,,,,,,,,,,,,,,,,,,,,,,,,,,,,,,,,,,,,,,,,,,,,,,,,,,,,,,,,,,,,,,,,,,,,,,,,,,,,,,,,,,,,,,,,,,,,,,,,,,,,,,,,,,,,,,,,,,,,,,,,,,,,,,,,,,,,,,,,,,,,,,,,,,,,,,,,,,,,,,,,,,,,,,,,,,,,,,,,,,,,,,,,,,,,,,,,,,,,,,,,,,,,,,,,,,,,,,,,,,,,,,,,,,,,,,,,,,,,,,,,,,,,,,,,,,,,,,,,,,,,,,,,,,,,,,,,,,,,,,,,,,,,,,,,,,,,,,,,,,,,,,,,,,,,,,,,,,,,,,,,,,,,,,,,,,,,,,,,,,,,,,,,,,,,,,,,,,,,,,,,,,,,,,,,,,,,,,,,,,,,,,,,,,,,,,,,,,,1.0,0.0,0.0,93.0,0.0,1.0,15163521.0,0.0,0.0,15163520.0,0.0,0.0,0.0,0.0,0.0006601420000151847,0.0031394580004189265,0.0,674.206682809,674.22393232,674.207252592,0.0,674.207176557,674.224098714,674.223931331,0.0,0.0,0.0,0.0,0.0
12908133787731683407,0,5e4a09c72949f70c2bab629d3baca2d8,1098494,1624296979,1624301729,8457f03379dd6dd85aecb3f005386c30,gpfs,/gpfs/alpine,,,,,,,,,,,,,,,,,,,,,,,,,,,,,,,,,,,,,,,,,,,,,,,,,,,,,,,,,,,,,,,,,,,,,,,,,,,,,,,,,,,,,,,,,,,,,,,,,,,,,,,,,,,,,,,,,,,,,,,,,,,,,,,,,,,,,,,,,,,,,,,,,,,,,,,,,,,,,,,,,,,,,,,,,,,,,,,,,,,,,,,,,,,,,,,,,,,,,,,,,,,,,,,,,,,,,,,,,,,,,,,,,,,,,,,,,,,,,,,,,,,,,,,,,,,,,,,,,,,,,,,,,,,,,,,,,,,,,,,,,,,,,,,,,,,,,,,,,,,,,,,,,,,,,,,,,,,,,,,,,,,,,,,,,,,,,,,,,,,,,,,,,,,,,,,,,,,,,,,,,,,,,,,,,,,,,,,,,,,,,,,,,,,,,,,,,,,,,,,,,,,,,,,,,,,,,,,,,,,,,,,,,,,,,,,,,,,,,,,,,,,,,1.0,0.0,0.0,93.0,0.0,1.0,15163797.0,0.0,0.0,15163796.0,0.0,0.0,0.0,0.0,0.0006325050003397337,0.002952184997866425,0.0,2805.884691339,2805.901666443,2805.885246787,0.0,2805.885167195,2805.901823092,2805.90166575,0.0,0.0,0.0,0.0,0.0
13266396248074926995,0,5e4a09c72949f70c2bab629d3baca2d8,1098494,1624296979,1624301729,b80c61f1cc40a1273884d0fdf9c294de,gpfs,/gpfs/alpine,,,,,,,,,,,,,,,,,,,,,,,,,,,,,,,,,,,,,,,,,,,,,,,,,,,,,,,,,,,,,,,,,,,,,,,,,,,,,,,,,,,,,,,,,,,,,,,,,,,,,,,,,,,,,,,,,,,,,,,,,,,,,,,,,,,,,,,,,,,,,,,,,,,,,,,,,,,,,,,,,,,,,,,,,,,,,,,,,,,,,,,,,,,,,,,,,,,,,,,,,,,,,,,,,,,,,,,,,,,,,,,,,,,,,,,,,,,,,,,,,,,,,,,,,,,,,,,,,,,,,,,,,,,,,,,,,,,,,,,,,,,,,,,,,,,,,,,,,,,,,,,,,,,,,,,,,,,,,,,,,,,,,,,,,,,,,,,,,,,,,,,,,,,,,,,,,,,,,,,,,,,,,,,,,,,,,,,,,,,,,,,,,,,,,,,,,,,,,,,,,,,,,,,,,,,,,,,,,,,,,,,,,,,,,,,,,,,,,,,,,,,,,1.0,0.0,0.0,93.0,0.0,1.0,15164710.0,0.0,0.0,15164709.0,0.0,0.0,0.0,0.0,0.0006245619997571339,0.0029396050013019703,0.0,3421.613950549,3421.630945584,3421.614495086,0.0,3421.614418409,3421.631102286,3421.630944937,0.0,0.0,0.0,0.0,0.0
13504165973362933065,0,5e4a09c72949f70c2bab629d3baca2d8,1098494,1624296979,1624301729,c8f7b97060cece7acf3d82d5ed65b589,gpfs,/gpfs/alpine,,,,,,,,,,,,,,,,,,,,,,,,,,,,,,,,,,,,,,,,,,,,,,,,,,,,,,,,,,,,,,,,,,,,,,,,,,,,,,,,,,,,,,,,,,,,,,,,,,,,,,,,,,,,,,,,,,,,,,,,,,,,,,,,,,,,,,,,,,,,,,,,,,,,,,,,,,,,,,,,,,,,,,,,,,,,,,,,,,,,,,,,,,,,,,,,,,,,,,,,,,,,,,,,,,,,,,,,,,,,,,,,,,,,,,,,,,,,,,,,,,,,,,,,,,,,,,,,,,,,,,,,,,,,,,,,,,,,,,,,,,,,,,,,,,,,,,,,,,,,,,,,,,,,,,,,,,,,,,,,,,,,,,,,,,,,,,,,,,,,,,,,,,,,,,,,,,,,,,,,,,,,,,,,,,,,,,,,,,,,,,,,,,,,,,,,,,,,,,,,,,,,,,,,,,,,,,,,,,,,,,,,,,,,,,,,,,,,,,,,,,,,,1.0,0.0,0.0,93.0,0.0,1.0,15162761.0,0.0,0.0,15162760.0,0.0,0.0,0.0,0.0,0.0006849849999639446,0.002949311999998372,0.0,295.232070855,295.249111167,295.232670773,0.0,295.232595812,295.249271195,295.249110546,0.0,0.0,0.0,0.0,0.0
13561739592918359882,0,5e4a09c72949f70c2bab629d3baca2d8,1098494,1624296979,1624301729,f66d0442f76b9f6fc805b9b1f7fa57ca,gpfs,/gpfs/alpine,,,,,,,,,,,,,,,,,,,,,,,,,,,,,,,,,,,,,,,,,,,,,,,,,,,,,,,,,,,,,,,,,,,,,,,,,,,,,,,,,,,,,,,,,,,,,,,,,,,,,,,,,,,,,,,,,,,,,,,,,,,,,,,,,,,,,,,,,,,,,,,,,,,,,,,,,,,,,,,,,,,,,,,,,,,,,,,,,,,,,,,,,,,,,,,,,,,,,,,,,,,,,,,,,,,,,,,,,,,,,,,,,,,,,,,,,,,,,,,,,,,,,,,,,,,,,,,,,,,,,,,,,,,,,,,,,,,,,,,,,,,,,,,,,,,,,,,,,,,,,,,,,,,,,,,,,,,,,,,,,,,,,,,,,,,,,,,,,,,,,,,,,,,,,,,,,,,,,,,,,,,,,,,,,,,,,,,,,,,,,,,,,,,,,,,,,,,,,,,,,,,,,,,,,,,,,,,,,,,,,,,,,,,,,,,,,,,,,,,,,,,,,1.0,0.0,0.0,93.0,0.0,1.0,15163556.0,0.0,0.0,15163555.0,0.0,0.0,0.0,0.0,0.0006369479997374583,0.0028583740008798486,0.0,3374.243005483,3374.259883786,3374.243564204,0.0,3374.243487615,3374.260038602,3374.25988281,0.0,0.0,0.0,0.0,0.0
13659712857802103017,0,5e4a09c72949f70c2bab629d3baca2d8,1098494,1624296979,1624301729,36b2a8a03e310ab287257fedd5f2fbb1,gpfs,/gpfs/alpine,,,,,,,,,,,,,,,,,,,,,,,,,,,,,,,,,,,,,,,,,,,,,,,,,,,,,,,,,,,,,,,,,,,,,,,,,,,,,,,,,,,,,,,,,,,,,,,,,,,,,,,,,,,,,,,,,,,,,,,,,,,,,,,,,,,,,,,,,,,,,,,,,,,,,,,,,,,,,,,,,,,,,,,,,,,,,,,,,,,,,,,,,,,,,,,,,,,,,,,,,,,,,,,,,,,,,,,,,,,,,,,,,,,,,,,,,,,,,,,,,,,,,,,,,,,,,,,,,,,,,,,,,,,,,,,,,,,,,,,,,,,,,,,,,,,,,,,,,,,,,,,,,,,,,,,,,,,,,,,,,,,,,,,,,,,,,,,,,,,,,,,,,,,,,,,,,,,,,,,,,,,,,,,,,,,,,,,,,,,,,,,,,,,,,,,,,,,,,,,,,,,,,,,,,,,,,,,,,,,,,,,,,,,,,,,,,,,,,,,,,,,,,1.0,0.0,0.0,93.0,0.0,1.0,15163001.0,0.0,0.0,15163000.0,0.0,0.0,0.0,0.0,0.0006595109998670523,0.002985389000059513,0.0,1242.700892693,1242.718070465,1242.70147112,0.0,1242.701392258,1242.718230411,1242.718069829,0.0,0.0,0.0,0.0,0.0
14111284007401745559,0,5e4a09c72949f70c2bab629d3baca2d8,1098494,1624296979,1624301729,ebfc4977e3c2ed577422539e69b54e12,gpfs,/gpfs/alpine,,,,,,,,,,,,,,,,,,,,,,,,,,,,,,,,,,,,,,,,,,,,,,,,,,,,,,,,,,,,,,,,,,,,,,,,,,,,,,,,,,,,,,,,,,,,,,,,,,,,,,,,,,,,,,,,,,,,,,,,,,,,,,,,,,,,,,,,,,,,,,,,,,,,,,,,,,,,,,,,,,,,,,,,,,,,,,,,,,,,,,,,,,,,,,,,,,,,,,,,,,,,,,,,,,,,,,,,,,,,,,,,,,,,,,,,,,,,,,,,,,,,,,,,,,,,,,,,,,,,,,,,,,,,,,,,,,,,,,,,,,,,,,,,,,,,,,,,,,,,,,,,,,,,,,,,,,,,,,,,,,,,,,,,,,,,,,,,,,,,,,,,,,,,,,,,,,,,,,,,,,,,,,,,,,,,,,,,,,,,,,,,,,,,,,,,,,,,,,,,,,,,,,,,,,,,,,,,,,,,,,,,,,,,,,,,,,,,,,,,,,,,,1.0,0.0,0.0,93.0,0.0,1.0,15164090.0,0.0,0.0,15164089.0,0.0,0.0,0.0,0.0,0.0006466579998232191,0.0029437910025080782,0.0,3611.056131669,3611.073069566,3611.056703252,0.0,3611.056620121,3611.073227772,3611.073068943,0.0,0.0,0.0,0.0,0.0
14220312197784012688,0,5e4a09c72949f70c2bab629d3baca2d8,1098494,1624296979,1624301729,9411f182583f4c134684f33e207a811c,gpfs,/gpfs/alpine,,,,,,,,,,,,,,,,,,,,,,,,,,,,,,,,,,,,,,,,,,,,,,,,,,,,,,,,,,,,,,,,,,,,,,,,,,,,,,,,,,,,,,,,,,,,,,,,,,,,,,,,,,,,,,,,,,,,,,,,,,,,,,,,,,,,,,,,,,,,,,,,,,,,,,,,,,,,,,,,,,,,,,,,,,,,,,,,,,,,,,,,,,,,,,,,,,,,,,,,,,,,,,,,,,,,,,,,,,,,,,,,,,,,,,,,,,,,,,,,,,,,,,,,,,,,,,,,,,,,,,,,,,,,,,,,,,,,,,,,,,,,,,,,,,,,,,,,,,,,,,,,,,,,,,,,,,,,,,,,,,,,,,,,,,,,,,,,,,,,,,,,,,,,,,,,,,,,,,,,,,,,,,,,,,,,,,,,,,,,,,,,,,,,,,,,,,,,,,,,,,,,,,,,,,,,,,,,,,,,,,,,,,,,,,,,,,,,,,,,,,,,,1.0,0.0,0.0,93.0,0.0,1.0,15163683.0,0.0,0.0,15163682.0,0.0,0.0,0.0,0.0,0.0006590240000150516,0.0029537979989981977,0.0,2142.803881746,2142.820909075,2142.804453827,0.0,2142.804377455,2142.82107239,2142.820908437,0.0,0.0,0.0,0.0,0.0
14255864554261754250,0,5e4a09c72949f70c2bab629d3baca2d8,1098494,1624296979,1624301729,444abe1b4bc69e28e3c07ed9effca278,gpfs,/gpfs/alpine,,,,,,,,,,,,,,,,,,,,,,,,,,,,,,,,,,,,,,,,,,,,,,,,,,,,,,,,,,,,,,,,,,,,,,,,,,,,,,,,,,,,,,,,,,,,,,,,,,,,,,,,,,,,,,,,,,,,,,,,,,,,,,,,,,,,,,,,,,,,,,,,,,,,,,,,,,,,,,,,,,,,,,,,,,,,,,,,,,,,,,,,,,,,,,,,,,,,,,,,,,,,,,,,,,,,,,,,,,,,,,,,,,,,,,,,,,,,,,,,,,,,,,,,,,,,,,,,,,,,,,,,,,,,,,,,,,,,,,,,,,,,,,,,,,,,,,,,,,,,,,,,,,,,,,,,,,,,,,,,,,,,,,,,,,,,,,,,,,,,,,,,,,,,,,,,,,,,,,,,,,,,,,,,,,,,,,,,,,,,,,,,,,,,,,,,,,,,,,,,,,,,,,,,,,,,,,,,,,,,,,,,,,,,,,,,,,,,,,,,,,,,,1.0,0.0,52.0,0.0,0.0,0.0,0.0,1431.0,1430.0,0.0,0.0,0.0,0.0,0.0,0.0005876520005533951,0.0,9.368800150966194e-05,0.006209387,4749.99761644,0.0,9.570218176000001,0.00676750699999995,4749.997645972,0.0,4748.074963826,0.0,0.0,0.0,0.0
14680660336972487023,0,5e4a09c72949f70c2bab629d3baca2d8,1098494,1624296979,1624301729,12ca7957fcb5c75698994322c4aa9c9e,gpfs,/gpfs/alpine,,,,,,,,,,,,,,,,,,,,,,,,,,,,,,,,,,,,,,,,,,,,,,,,,,,,,,,,,,,,,,,,,,,,,,,,,,,,,,,,,,,,,,,,,,,,,,,,,,,,,,,,,,,,,,,,,,,,,,,,,,,,,,,,,,,,,,,,,,,,,,,,,,,,,,,,,,,,,,,,,,,,,,,,,,,,,,,,,,,,,,,,,,,,,,,,,,,,,,,,,,,,,,,,,,,,,,,,,,,,,,,,,,,,,,,,,,,,,,,,,,,,,,,,,,,,,,,,,,,,,,,,,,,,,,,,,,,,,,,,,,,,,,,,,,,,,,,,,,,,,,,,,,,,,,,,,,,,,,,,,,,,,,,,,,,,,,,,,,,,,,,,,,,,,,,,,,,,,,,,,,,,,,,,,,,,,,,,,,,,,,,,,,,,,,,,,,,,,,,,,,,,,,,,,,,,,,,,,,,,,,,,,,,,,,,,,,,,,,,,,,,,,1.0,0.0,0.0,93.0,0.0,1.0,15162499.0,0.0,0.0,15162498.0,0.0,0.0,0.0,0.0,0.0007821220000323592,0.0030493069998556166,0.0,768.971794618,768.989056008,768.97247847,0.0,768.972396645,768.989236103,768.989055254,0.0,0.0,0.0,0.0,0.0
14813767643163289566,0,5e4a09c72949f70c2bab629d3baca2d8,1098494,1624296979,1624301729,5d0fb45f2b2826e12adb998c3d94ea01,gpfs,/gpfs/alpine,,,,,,,,,,,,,,,,,,,,,,,,,,,,,,,,,,,,,,,,,,,,,,,,,,,,,,,,,,,,,,,,,,,,,,,,,,,,,,,,,,,,,,,,,,,,,,,,,,,,,,,,,,,,,,,,,,,,,,,,,,,,,,,,,,,,,,,,,,,,,,,,,,,,,,,,,,,,,,,,,,,,,,,,,,,,,,,,,,,,,,,,,,,,,,,,,,,,,,,,,,,,,,,,,,,,,,,,,,,,,,,,,,,,,,,,,,,,,,,,,,,,,,,,,,,,,,,,,,,,,,,,,,,,,,,,,,,,,,,,,,,,,,,,,,,,,,,,,,,,,,,,,,,,,,,,,,,,,,,,,,,,,,,,,,,,,,,,,,,,,,,,,,,,,,,,,,,,,,,,,,,,,,,,,,,,,,,,,,,,,,,,,,,,,,,,,,,,,,,,,,,,,,,,,,,,,,,,,,,,,,,,,,,,,,,,,,,,,,,,,,,,,1.0,0.0,0.0,62.0,0.0,0.0,2076.0,0.0,0.0,2075.0,0.0,0.0,0.0,0.0,0.002705590000000454,4.301900000713843e-05,0.0,0.003609827,9.688098592,0.006793869000000008,0.0,0.00616457,9.688249439,9.688097401,0.0,0.0,0.0,0.0,0.0
14903697375843374347,0,5e4a09c72949f70c2bab629d3baca2d8,1098494,1624296979,1624301729,e40077e42d04e2a913266cd4e8e594f1,gpfs,/gpfs/alpine,,,,,,,,,,,,,,,,,,,,,,,,,,,,,,,,,,,,,,,,,,,,,,,,,,,,,,,,,,,,,,,,,,,,,,,,,,,,,,,,,,,,,,,,,,,,,,,,,,,,,,,,,,,,,,,,,,,,,,,,,,,,,,,,,,,,,,,,,,,,,,,,,,,,,,,,,,,,,,,,,,,,,,,,,,,,,,,,,,,,,,,,,,,,,,,,,,,,,,,,,,,,,,,,,,,,,,,,,,,,,,,,,,,,,,,,,,,,,,,,,,,,,,,,,,,,,,,,,,,,,,,,,,,,,,,,,,,,,,,,,,,,,,,,,,,,,,,,,,,,,,,,,,,,,,,,,,,,,,,,,,,,,,,,,,,,,,,,,,,,,,,,,,,,,,,,,,,,,,,,,,,,,,,,,,,,,,,,,,,,,,,,,,,,,,,,,,,,,,,,,,,,,,,,,,,,,,,,,,,,,,,,,,,,,,,,,,,,,,,,,,,,,1.0,0.0,0.0,93.0,0.0,1.0,15165618.0,0.0,0.0,15165617.0,0.0,0.0,0.0,0.0,0.0006341669995890697,0.0030837700037409377,0.0,3942.6966785,3942.7138411,3942.697236897,0.0,3942.697152551,3942.714001216,3942.713839921,0.0,0.0,0.0,0.0,0.0
14949095082432131227,0,5e4a09c72949f70c2bab629d3baca2d8,1098494,1624296979,1624301729,2a00b903a67d57467ff3e912ca00d2ef,gpfs,/gpfs/alpine,,,,,,,,,,,,,,,,,,,,,,,,,,,,,,,,,,,,,,,,,,,,,,,,,,,,,,,,,,,,,,,,,,,,,,,,,,,,,,,,,,,,,,,,,,,,,,,,,,,,,,,,,,,,,,,,,,,,,,,,,,,,,,,,,,,,,,,,,,,,,,,,,,,,,,,,,,,,,,,,,,,,,,,,,,,,,,,,,,,,,,,,,,,,,,,,,,,,,,,,,,,,,,,,,,,,,,,,,,,,,,,,,,,,,,,,,,,,,,,,,,,,,,,,,,,,,,,,,,,,,,,,,,,,,,,,,,,,,,,,,,,,,,,,,,,,,,,,,,,,,,,,,,,,,,,,,,,,,,,,,,,,,,,,,,,,,,,,,,,,,,,,,,,,,,,,,,,,,,,,,,,,,,,,,,,,,,,,,,,,,,,,,,,,,,,,,,,,,,,,,,,,,,,,,,,,,,,,,,,,,,,,,,,,,,,,,,,,,,,,,,,,,1.0,0.0,0.0,93.0,0.0,1.0,15163464.0,0.0,0.0,15163463.0,0.0,0.0,0.0,0.0,0.0006531859994538536,0.00292085899718586,0.0,2237.505804917,2237.522758916,2237.506378092,0.0,2237.506296536,2237.522920483,2237.522758255,0.0,0.0,0.0,0.0,0.0
15132781735947678135,0,5e4a09c72949f70c2bab629d3baca2d8,1098494,1624296979,1624301729,b6c2d8bd52240cb23a60e74ad47fd84c,gpfs,/gpfs/alpine,,,,,,,,,,,,,,,,,,,,,,,,,,,,,,,,,,,,,,,,,,,,,,,,,,,,,,,,,,,,,,,,,,,,,,,,,,,,,,,,,,,,,,,,,,,,,,,,,,,,,,,,,,,,,,,,,,,,,,,,,,,,,,,,,,,,,,,,,,,,,,,,,,,,,,,,,,,,,,,,,,,,,,,,,,,,,,,,,,,,,,,,,,,,,,,,,,,,,,,,,,,,,,,,,,,,,,,,,,,,,,,,,,,,,,,,,,,,,,,,,,,,,,,,,,,,,,,,,,,,,,,,,,,,,,,,,,,,,,,,,,,,,,,,,,,,,,,,,,,,,,,,,,,,,,,,,,,,,,,,,,,,,,,,,,,,,,,,,,,,,,,,,,,,,,,,,,,,,,,,,,,,,,,,,,,,,,,,,,,,,,,,,,,,,,,,,,,,,,,,,,,,,,,,,,,,,,,,,,,,,,,,,,,,,,,,,,,,,,,,,,,,,1.0,0.0,0.0,93.0,0.0,1.0,15164155.0,0.0,0.0,15164154.0,0.0,0.0,0.0,0.0,0.0006557249998877523,0.002846849999514234,0.0,3705.860581215,3705.877391848,3705.861146531,0.0,3705.861072359,3705.877556429,3705.877391251,0.0,0.0,0.0,0.0,0.0
15180498116587506868,0,5e4a09c72949f70c2bab629d3baca2d8,1098494,1624296979,1624301729,25921b4b27714caa42ae6f88e5551c3a,gpfs,/gpfs/alpine,,,,,,,,,,,,,,,,,,,,,,,,,,,,,,,,,,,,,,,,,,,,,,,,,,,,,,,,,,,,,,,,,,,,,,,,,,,,,,,,,,,,,,,,,,,,,,,,,,,,,,,,,,,,,,,,,,,,,,,,,,,,,,,,,,,,,,,,,,,,,,,,,,,,,,,,,,,,,,,,,,,,,,,,,,,,,,,,,,,,,,,,,,,,,,,,,,,,,,,,,,,,,,,,,,,,,,,,,,,,,,,,,,,,,,,,,,,,,,,,,,,,,,,,,,,,,,,,,,,,,,,,,,,,,,,,,,,,,,,,,,,,,,,,,,,,,,,,,,,,,,,,,,,,,,,,,,,,,,,,,,,,,,,,,,,,,,,,,,,,,,,,,,,,,,,,,,,,,,,,,,,,,,,,,,,,,,,,,,,,,,,,,,,,,,,,,,,,,,,,,,,,,,,,,,,,,,,,,,,,,,,,,,,,,,,,,,,,,,,,,,,,,1.0,0.0,0.0,93.0,0.0,1.0,15162957.0,0.0,0.0,15162956.0,0.0,0.0,0.0,0.0,0.0044339109999995685,0.004670951999999673,0.0,10.914905038,10.940934053,10.9192456,0.0,10.919171354,10.941101648,10.940933254,0.0,0.0,0.0,0.0,0.0
15256996332687929679,0,5e4a09c72949f70c2bab629d3baca2d8,1098494,1624296979,1624301729,4f03bd609c5a638069fecbe15a53f9f9,gpfs,/gpfs/alpine,,,,,,,,,,,,,,,,,,,,,,,,,,,,,,,,,,,,,,,,,,,,,,,,,,,,,,,,,,,,,,,,,,,,,,,,,,,,,,,,,,,,,,,,,,,,,,,,,,,,,,,,,,,,,,,,,,,,,,,,,,,,,,,,,,,,,,,,,,,,,,,,,,,,,,,,,,,,,,,,,,,,,,,,,,,,,,,,,,,,,,,,,,,,,,,,,,,,,,,,,,,,,,,,,,,,,,,,,,,,,,,,,,,,,,,,,,,,,,,,,,,,,,,,,,,,,,,,,,,,,,,,,,,,,,,,,,,,,,,,,,,,,,,,,,,,,,,,,,,,,,,,,,,,,,,,,,,,,,,,,,,,,,,,,,,,,,,,,,,,,,,,,,,,,,,,,,,,,,,,,,,,,,,,,,,,,,,,,,,,,,,,,,,,,,,,,,,,,,,,,,,,,,,,,,,,,,,,,,,,,,,,,,,,,,,,,,,,,,,,,,,,,1.0,0.0,0.0,93.0,0.0,1.0,15162762.0,0.0,0.0,15162761.0,0.0,0.0,0.0,0.0,0.0006547540000383378,0.0029612509999878966,0.0,626.895388233,626.912591948,626.895956933,0.0,626.895880372,626.912754563,626.912590798,0.0,0.0,0.0,0.0,0.0
15300553962503482270,0,5e4a09c72949f70c2bab629d3baca2d8,1098494,1624296979,1624301729,abde5618e180b7ea0485069c848b5817,gpfs,/gpfs/alpine,,,,,,,,,,,,,,,,,,,,,,,,,,,,,,,,,,,,,,,,,,,,,,,,,,,,,,,,,,,,,,,,,,,,,,,,,,,,,,,,,,,,,,,,,,,,,,,,,,,,,,,,,,,,,,,,,,,,,,,,,,,,,,,,,,,,,,,,,,,,,,,,,,,,,,,,,,,,,,,,,,,,,,,,,,,,,,,,,,,,,,,,,,,,,,,,,,,,,,,,,,,,,,,,,,,,,,,,,,,,,,,,,,,,,,,,,,,,,,,,,,,,,,,,,,,,,,,,,,,,,,,,,,,,,,,,,,,,,,,,,,,,,,,,,,,,,,,,,,,,,,,,,,,,,,,,,,,,,,,,,,,,,,,,,,,,,,,,,,,,,,,,,,,,,,,,,,,,,,,,,,,,,,,,,,,,,,,,,,,,,,,,,,,,,,,,,,,,,,,,,,,,,,,,,,,,,,,,,,,,,,,,,,,,,,,,,,,,,,,,,,,,,1.0,0.0,0.0,93.0,0.0,1.0,15165411.0,0.0,0.0,15165410.0,0.0,0.0,0.0,0.0,0.0006409150000763475,0.0029393460008577676,0.0,3232.199856963,3232.216736175,3232.200405296,0.0,3232.200327856,3232.216906197,3232.216735386,0.0,0.0,0.0,0.0,0.0
15407007567966616938,0,5e4a09c72949f70c2bab629d3baca2d8,1098494,1624296979,1624301729,04d5d923d1f752ecddf93e9bb1cc6e7a,gpfs,/gpfs/alpine,,,,,,,,,,,,,,,,,,,,,,,,,,,,,,,,,,,,,,,,,,,,,,,,,,,,,,,,,,,,,,,,,,,,,,,,,,,,,,,,,,,,,,,,,,,,,,,,,,,,,,,,,,,,,,,,,,,,,,,,,,,,,,,,,,,,,,,,,,,,,,,,,,,,,,,,,,,,,,,,,,,,,,,,,,,,,,,,,,,,,,,,,,,,,,,,,,,,,,,,,,,,,,,,,,,,,,,,,,,,,,,,,,,,,,,,,,,,,,,,,,,,,,,,,,,,,,,,,,,,,,,,,,,,,,,,,,,,,,,,,,,,,,,,,,,,,,,,,,,,,,,,,,,,,,,,,,,,,,,,,,,,,,,,,,,,,,,,,,,,,,,,,,,,,,,,,,,,,,,,,,,,,,,,,,,,,,,,,,,,,,,,,,,,,,,,,,,,,,,,,,,,,,,,,,,,,,,,,,,,,,,,,,,,,,,,,,,,,,,,,,,,,1.0,0.0,0.0,93.0,0.0,1.0,15164337.0,0.0,0.0,15164336.0,0.0,0.0,0.0,0.0,0.000628588999461499,0.0028879469973617233,0.0,4132.143643784,4132.16054124,4132.144182512,0.0,4132.144104238,4132.160709375,4132.160540545,0.0,0.0,0.0,0.0,0.0
15492910079904153247,0,5e4a09c72949f70c2bab629d3baca2d8,1098494,1624296979,1624301729,d604723a650bf2d96851897cc5291a0c,gpfs,/gpfs/alpine,,,,,,,,,,,,,,,,,,,,,,,,,,,,,,,,,,,,,,,,,,,,,,,,,,,,,,,,,,,,,,,,,,,,,,,,,,,,,,,,,,,,,,,,,,,,,,,,,,,,,,,,,,,,,,,,,,,,,,,,,,,,,,,,,,,,,,,,,,,,,,,,,,,,,,,,,,,,,,,,,,,,,,,,,,,,,,,,,,,,,,,,,,,,,,,,,,,,,,,,,,,,,,,,,,,,,,,,,,,,,,,,,,,,,,,,,,,,,,,,,,,,,,,,,,,,,,,,,,,,,,,,,,,,,,,,,,,,,,,,,,,,,,,,,,,,,,,,,,,,,,,,,,,,,,,,,,,,,,,,,,,,,,,,,,,,,,,,,,,,,,,,,,,,,,,,,,,,,,,,,,,,,,,,,,,,,,,,,,,,,,,,,,,,,,,,,,,,,,,,,,,,,,,,,,,,,,,,,,,,,,,,,,,,,,,,,,,,,,,,,,,,,1.0,0.0,0.0,93.0,0.0,1.0,15163305.0,0.0,0.0,15163304.0,0.0,0.0,0.0,0.0,0.0007087280000632745,0.0029263000001265027,0.0,2427.028948059,2427.046022483,2427.029572157,0.0,2427.029488527,2427.046190743,2427.046021918,0.0,0.0,0.0,0.0,0.0
15585152885311034254,0,5e4a09c72949f70c2bab629d3baca2d8,1098494,1624296979,1624301729,08bb855efc5292138e1c6f905bb665eb,gpfs,/gpfs/alpine,,,,,,,,,,,,,,,,,,,,,,,,,,,,,,,,,,,,,,,,,,,,,,,,,,,,,,,,,,,,,,,,,,,,,,,,,,,,,,,,,,,,,,,,,,,,,,,,,,,,,,,,,,,,,,,,,,,,,,,,,,,,,,,,,,,,,,,,,,,,,,,,,,,,,,,,,,,,,,,,,,,,,,,,,,,,,,,,,,,,,,,,,,,,,,,,,,,,,,,,,,,,,,,,,,,,,,,,,,,,,,,,,,,,,,,,,,,,,,,,,,,,,,,,,,,,,,,,,,,,,,,,,,,,,,,,,,,,,,,,,,,,,,,,,,,,,,,,,,,,,,,,,,,,,,,,,,,,,,,,,,,,,,,,,,,,,,,,,,,,,,,,,,,,,,,,,,,,,,,,,,,,,,,,,,,,,,,,,,,,,,,,,,,,,,,,,,,,,,,,,,,,,,,,,,,,,,,,,,,,,,,,,,,,,,,,,,,,,,,,,,,,,1.0,0.0,0.0,93.0,0.0,1.0,15165522.0,0.0,0.0,15165521.0,0.0,0.0,0.0,0.0,0.0006224079997991794,0.002898973001720151,0.0,3800.589688527,3800.606499424,3800.590225981,0.0,3800.590148886,3800.606661473,3800.606498688,0.0,0.0,0.0,0.0,0.0
15825749667455048708,0,5e4a09c72949f70c2bab629d3baca2d8,1098494,1624296979,1624301729,fef5cc70a7632d6db6bb5360a87cc059,gpfs,/gpfs/alpine,,,,,,,,,,,,,,,,,,,,,,,,,,,,,,,,,,,,,,,,,,,,,,,,,,,,,,,,,,,,,,,,,,,,,,,,,,,,,,,,,,,,,,,,,,,,,,,,,,,,,,,,,,,,,,,,,,,,,,,,,,,,,,,,,,,,,,,,,,,,,,,,,,,,,,,,,,,,,,,,,,,,,,,,,,,,,,,,,,,,,,,,,,,,,,,,,,,,,,,,,,,,,,,,,,,,,,,,,,,,,,,,,,,,,,,,,,,,,,,,,,,,,,,,,,,,,,,,,,,,,,,,,,,,,,,,,,,,,,,,,,,,,,,,,,,,,,,,,,,,,,,,,,,,,,,,,,,,,,,,,,,,,,,,,,,,,,,,,,,,,,,,,,,,,,,,,,,,,,,,,,,,,,,,,,,,,,,,,,,,,,,,,,,,,,,,,,,,,,,,,,,,,,,,,,,,,,,,,,,,,,,,,,,,,,,,,,,,,,,,,,,,,1.0,0.0,0.0,93.0,0.0,1.0,15163436.0,0.0,0.0,15163435.0,0.0,0.0,0.0,0.0,0.0006595920000336264,0.00306699199961713,0.0,532.134789794,532.152013607,532.135360992,0.0,532.13528232,532.152180673,532.152013027,0.0,0.0,0.0,0.0,0.0
15919604928240484567,0,5e4a09c72949f70c2bab629d3baca2d8,1098494,1624296979,1624301729,5d7933d8c617e201154deb28be5f5e8f,gpfs,/gpfs/alpine,,,,,,,,,,,,,,,,,,,,,,,,,,,,,,,,,,,,,,,,,,,,,,,,,,,,,,,,,,,,,,,,,,,,,,,,,,,,,,,,,,,,,,,,,,,,,,,,,,,,,,,,,,,,,,,,,,,,,,,,,,,,,,,,,,,,,,,,,,,,,,,,,,,,,,,,,,,,,,,,,,,,,,,,,,,,,,,,,,,,,,,,,,,,,,,,,,,,,,,,,,,,,,,,,,,,,,,,,,,,,,,,,,,,,,,,,,,,,,,,,,,,,,,,,,,,,,,,,,,,,,,,,,,,,,,,,,,,,,,,,,,,,,,,,,,,,,,,,,,,,,,,,,,,,,,,,,,,,,,,,,,,,,,,,,,,,,,,,,,,,,,,,,,,,,,,,,,,,,,,,,,,,,,,,,,,,,,,,,,,,,,,,,,,,,,,,,,,,,,,,,,,,,,,,,,,,,,,,,,,,,,,,,,,,,,,,,,,,,,,,,,,,1.0,0.0,0.0,93.0,0.0,1.0,15162415.0,0.0,0.0,15162414.0,0.0,0.0,0.0,0.0,0.0006717819999266794,0.002890519999823482,0.0,1005.840228698,1005.857180649,1005.840819836,0.0,1005.840739819,1005.85734131,1005.857180086,0.0,0.0,0.0,0.0,0.0
15997629929098543285,0,5e4a09c72949f70c2bab629d3baca2d8,1098494,1624296979,1624301729,711341df69886070392c4e852fef4464,gpfs,/gpfs/alpine,,,,,,,,,,,,,,,,,,,,,,,,,,,,,,,,,,,,,,,,,,,,,,,,,,,,,,,,,,,,,,,,,,,,,,,,,,,,,,,,,,,,,,,,,,,,,,,,,,,,,,,,,,,,,,,,,,,,,,,,,,,,,,,,,,,,,,,,,,,,,,,,,,,,,,,,,,,,,,,,,,,,,,,,,,,,,,,,,,,,,,,,,,,,,,,,,,,,,,,,,,,,,,,,,,,,,,,,,,,,,,,,,,,,,,,,,,,,,,,,,,,,,,,,,,,,,,,,,,,,,,,,,,,,,,,,,,,,,,,,,,,,,,,,,,,,,,,,,,,,,,,,,,,,,,,,,,,,,,,,,,,,,,,,,,,,,,,,,,,,,,,,,,,,,,,,,,,,,,,,,,,,,,,,,,,,,,,,,,,,,,,,,,,,,,,,,,,,,,,,,,,,,,,,,,,,,,,,,,,,,,,,,,,,,,,,,,,,,,,,,,,,,1.0,0.0,0.0,93.0,0.0,1.0,15162289.0,0.0,0.0,15162288.0,0.0,0.0,0.0,0.0,0.0006848349996744219,0.0028621929996006656,0.0,1574.31592129,1574.332898646,1574.316530526,0.0,1574.316454872,1574.333049899,1574.332897472,0.0,0.0,0.0,0.0,0.0
16088681657742406238,0,5e4a09c72949f70c2bab629d3baca2d8,1098494,1624296979,1624301729,90d64c3fb48e297937d0c665ff02a900,gpfs,/gpfs/alpine,,,,,,,,,,,,,,,,,,,,,,,,,,,,,,,,,,,,,,,,,,,,,,,,,,,,,,,,,,,,,,,,,,,,,,,,,,,,,,,,,,,,,,,,,,,,,,,,,,,,,,,,,,,,,,,,,,,,,,,,,,,,,,,,,,,,,,,,,,,,,,,,,,,,,,,,,,,,,,,,,,,,,,,,,,,,,,,,,,,,,,,,,,,,,,,,,,,,,,,,,,,,,,,,,,,,,,,,,,,,,,,,,,,,,,,,,,,,,,,,,,,,,,,,,,,,,,,,,,,,,,,,,,,,,,,,,,,,,,,,,,,,,,,,,,,,,,,,,,,,,,,,,,,,,,,,,,,,,,,,,,,,,,,,,,,,,,,,,,,,,,,,,,,,,,,,,,,,,,,,,,,,,,,,,,,,,,,,,,,,,,,,,,,,,,,,,,,,,,,,,,,,,,,,,,,,,,,,,,,,,,,,,,,,,,,,,,,,,,,,,,,,,1.0,0.0,0.0,93.0,0.0,1.0,15164595.0,0.0,0.0,15164594.0,0.0,0.0,0.0,0.0,0.0006429299996852933,0.0029420829987429897,0.0,4037.38324568,4037.400270934,4037.383808791,0.0,4037.383728729,4037.400430815,4037.40027026,0.0,0.0,0.0,0.0,0.0
16125028020326553352,0,5e4a09c72949f70c2bab629d3baca2d8,1098494,1624296979,1624301729,eccf15529055ef643f7ca510ad8ff5ba,gpfs,/gpfs/alpine,,,,,,,,,,,,,,,,,,,,,,,,,,,,,,,,,,,,,,,,,,,,,,,,,,,,,,,,,,,,,,,,,,,,,,,,,,,,,,,,,,,,,,,,,,,,,,,,,,,,,,,,,,,,,,,,,,,,,,,,,,,,,,,,,,,,,,,,,,,,,,,,,,,,,,,,,,,,,,,,,,,,,,,,,,,,,,,,,,,,,,,,,,,,,,,,,,,,,,,,,,,,,,,,,,,,,,,,,,,,,,,,,,,,,,,,,,,,,,,,,,,,,,,,,,,,,,,,,,,,,,,,,,,,,,,,,,,,,,,,,,,,,,,,,,,,,,,,,,,,,,,,,,,,,,,,,,,,,,,,,,,,,,,,,,,,,,,,,,,,,,,,,,,,,,,,,,,,,,,,,,,,,,,,,,,,,,,,,,,,,,,,,,,,,,,,,,,,,,,,,,,,,,,,,,,,,,,,,,,,,,,,,,,,,,,,,,,,,,,,,,,,,1.0,0.0,0.0,93.0,0.0,1.0,15166498.0,0.0,0.0,15166497.0,0.0,0.0,0.0,0.0,0.0006464520001827623,0.00292194599933282,0.0,4463.722838187,4463.739813199,4463.723404962,0.0,4463.723326543,4463.739971295,4463.73981258,0.0,0.0,0.0,0.0,0.0
16275027173410823111,0,5e4a09c72949f70c2bab629d3baca2d8,1098494,1624296979,1624301729,4e2c1df0dfdb655719cba583c75cc373,gpfs,/gpfs/alpine,,,,,,,,,,,,,,,,,,,,,,,,,,,,,,,,,,,,,,,,,,,,,,,,,,,,,,,,,,,,,,,,,,,,,,,,,,,,,,,,,,,,,,,,,,,,,,,,,,,,,,,,,,,,,,,,,,,,,,,,,,,,,,,,,,,,,,,,,,,,,,,,,,,,,,,,,,,,,,,,,,,,,,,,,,,,,,,,,,,,,,,,,,,,,,,,,,,,,,,,,,,,,,,,,,,,,,,,,,,,,,,,,,,,,,,,,,,,,,,,,,,,,,,,,,,,,,,,,,,,,,,,,,,,,,,,,,,,,,,,,,,,,,,,,,,,,,,,,,,,,,,,,,,,,,,,,,,,,,,,,,,,,,,,,,,,,,,,,,,,,,,,,,,,,,,,,,,,,,,,,,,,,,,,,,,,,,,,,,,,,,,,,,,,,,,,,,,,,,,,,,,,,,,,,,,,,,,,,,,,,,,,,,,,,,,,,,,,,,,,,,,,,1.0,0.0,0.0,93.0,0.0,1.0,15164104.0,0.0,0.0,15164103.0,0.0,0.0,0.0,0.0,0.0006566739999982474,0.002939479999838568,0.0,247.857714046,247.874749035,247.858281203,0.0,247.858206665,247.87491309,247.874748324,0.0,0.0,0.0,0.0,0.0
16366825120552760073,0,5e4a09c72949f70c2bab629d3baca2d8,1098494,1624296979,1624301729,e7e99f0d98c38220abc628e3aa96a486,gpfs,/gpfs/alpine,,,,,,,,,,,,,,,,,,,,,,,,,,,,,,,,,,,,,,,,,,,,,,,,,,,,,,,,,,,,,,,,,,,,,,,,,,,,,,,,,,,,,,,,,,,,,,,,,,,,,,,,,,,,,,,,,,,,,,,,,,,,,,,,,,,,,,,,,,,,,,,,,,,,,,,,,,,,,,,,,,,,,,,,,,,,,,,,,,,,,,,,,,,,,,,,,,,,,,,,,,,,,,,,,,,,,,,,,,,,,,,,,,,,,,,,,,,,,,,,,,,,,,,,,,,,,,,,,,,,,,,,,,,,,,,,,,,,,,,,,,,,,,,,,,,,,,,,,,,,,,,,,,,,,,,,,,,,,,,,,,,,,,,,,,,,,,,,,,,,,,,,,,,,,,,,,,,,,,,,,,,,,,,,,,,,,,,,,,,,,,,,,,,,,,,,,,,,,,,,,,,,,,,,,,,,,,,,,,,,,,,,,,,,,,,,,,,,,,,,,,,,,1.0,0.0,0.0,93.0,0.0,1.0,15163456.0,0.0,0.0,15163455.0,0.0,0.0,0.0,0.0,0.0006117879997873388,0.0028644560024986276,0.0,3468.983799603,3469.000622659,3468.98433522,0.0,3468.984256594,3469.000777456,3469.000622067,0.0,0.0,0.0,0.0,0.0
16422921616804234613,0,5e4a09c72949f70c2bab629d3baca2d8,1098494,1624296979,1624301729,88aaf649c053542f06a32361d8d4a652,gpfs,/gpfs/alpine,,,,,,,,,,,,,,,,,,,,,,,,,,,,,,,,,,,,,,,,,,,,,,,,,,,,,,,,,,,,,,,,,,,,,,,,,,,,,,,,,,,,,,,,,,,,,,,,,,,,,,,,,,,,,,,,,,,,,,,,,,,,,,,,,,,,,,,,,,,,,,,,,,,,,,,,,,,,,,,,,,,,,,,,,,,,,,,,,,,,,,,,,,,,,,,,,,,,,,,,,,,,,,,,,,,,,,,,,,,,,,,,,,,,,,,,,,,,,,,,,,,,,,,,,,,,,,,,,,,,,,,,,,,,,,,,,,,,,,,,,,,,,,,,,,,,,,,,,,,,,,,,,,,,,,,,,,,,,,,,,,,,,,,,,,,,,,,,,,,,,,,,,,,,,,,,,,,,,,,,,,,,,,,,,,,,,,,,,,,,,,,,,,,,,,,,,,,,,,,,,,,,,,,,,,,,,,,,,,,,,,,,,,,,,,,,,,,,,,,,,,,,,1.0,0.0,0.0,93.0,0.0,1.0,15162462.0,0.0,0.0,15162461.0,0.0,0.0,0.0,0.0,0.0006234720000293237,0.002897611000321376,0.0,911.079942247,911.096934907,911.080478336,0.0,911.080402909,911.097097717,911.096933508,0.0,0.0,0.0,0.0,0.0
16487746403207190727,0,5e4a09c72949f70c2bab629d3baca2d8,1098494,1624296979,1624301729,29c2d231ab6ba6706c78989ba906e93e,gpfs,/gpfs/alpine,,,,,,,,,,,,,,,,,,,,,,,,,,,,,,,,,,,,,,,,,,,,,,,,,,,,,,,,,,,,,,,,,,,,,,,,,,,,,,,,,,,,,,,,,,,,,,,,,,,,,,,,,,,,,,,,,,,,,,,,,,,,,,,,,,,,,,,,,,,,,,,,,,,,,,,,,,,,,,,,,,,,,,,,,,,,,,,,,,,,,,,,,,,,,,,,,,,,,,,,,,,,,,,,,,,,,,,,,,,,,,,,,,,,,,,,,,,,,,,,,,,,,,,,,,,,,,,,,,,,,,,,,,,,,,,,,,,,,,,,,,,,,,,,,,,,,,,,,,,,,,,,,,,,,,,,,,,,,,,,,,,,,,,,,,,,,,,,,,,,,,,,,,,,,,,,,,,,,,,,,,,,,,,,,,,,,,,,,,,,,,,,,,,,,,,,,,,,,,,,,,,,,,,,,,,,,,,,,,,,,,,,,,,,,,,,,,,,,,,,,,,,,1.0,0.0,0.0,93.0,0.0,1.0,15163581.0,0.0,0.0,15163580.0,0.0,0.0,0.0,0.0,0.0006446800002777309,0.002867515001071297,0.0,3090.106941185,3090.123776891,3090.107506875,0.0,3090.107424276,3090.12393848,3090.123776307,0.0,0.0,0.0,0.0,0.0
16695247370633762856,0,5e4a09c72949f70c2bab629d3baca2d8,1098494,1624296979,1624301729,355b0c85b6905720be753d83e6d8163f,gpfs,/gpfs/alpine,,,,,,,,,,,,,,,,,,,,,,,,,,,,,,,,,,,,,,,,,,,,,,,,,,,,,,,,,,,,,,,,,,,,,,,,,,,,,,,,,,,,,,,,,,,,,,,,,,,,,,,,,,,,,,,,,,,,,,,,,,,,,,,,,,,,,,,,,,,,,,,,,,,,,,,,,,,,,,,,,,,,,,,,,,,,,,,,,,,,,,,,,,,,,,,,,,,,,,,,,,,,,,,,,,,,,,,,,,,,,,,,,,,,,,,,,,,,,,,,,,,,,,,,,,,,,,,,,,,,,,,,,,,,,,,,,,,,,,,,,,,,,,,,,,,,,,,,,,,,,,,,,,,,,,,,,,,,,,,,,,,,,,,,,,,,,,,,,,,,,,,,,,,,,,,,,,,,,,,,,,,,,,,,,,,,,,,,,,,,,,,,,,,,,,,,,,,,,,,,,,,,,,,,,,,,,,,,,,,,,,,,,,,,,,,,,,,,,,,,,,,,,1.0,0.0,0.0,166.0,0.0,102.0,10300.0,0.0,0.0,10299.0,0.0,0.0,0.0,0.0,0.002342118000440152,0.005365983997041468,0.0,9.688250794,4749.997465552,9.690459282,0.0,9.690442839,4749.997615625,4749.997465119,0.0,0.0,0.0,0.0,0.0
16781688269056138301,0,5e4a09c72949f70c2bab629d3baca2d8,1098494,1624296979,1624301729,85377b773c976bedd1e9b8cdad3e3b80,gpfs,/gpfs/alpine,,,,,,,,,,,,,,,,,,,,,,,,,,,,,,,,,,,,,,,,,,,,,,,,,,,,,,,,,,,,,,,,,,,,,,,,,,,,,,,,,,,,,,,,,,,,,,,,,,,,,,,,,,,,,,,,,,,,,,,,,,,,,,,,,,,,,,,,,,,,,,,,,,,,,,,,,,,,,,,,,,,,,,,,,,,,,,,,,,,,,,,,,,,,,,,,,,,,,,,,,,,,,,,,,,,,,,,,,,,,,,,,,,,,,,,,,,,,,,,,,,,,,,,,,,,,,,,,,,,,,,,,,,,,,,,,,,,,,,,,,,,,,,,,,,,,,,,,,,,,,,,,,,,,,,,,,,,,,,,,,,,,,,,,,,,,,,,,,,,,,,,,,,,,,,,,,,,,,,,,,,,,,,,,,,,,,,,,,,,,,,,,,,,,,,,,,,,,,,,,,,,,,,,,,,,,,,,,,,,,,,,,,,,,,,,,,,,,,,,,,,,,,1.0,0.0,0.0,93.0,0.0,1.0,15162809.0,0.0,0.0,15162808.0,0.0,0.0,0.0,0.0,0.000673627000196575,0.0028997679976328072,0.0,1905.911740521,1905.928731647,1905.912331784,0.0,1905.912250882,1905.928894913,1905.928731012,0.0,0.0,0.0,0.0,0.0
16809203324039616300,0,5e4a09c72949f70c2bab629d3baca2d8,1098494,1624296979,1624301729,2d5aa7d946d8b181a23e4c4e50bdf2ba,gpfs,/gpfs/alpine,,,,,,,,,,,,,,,,,,,,,,,,,,,,,,,,,,,,,,,,,,,,,,,,,,,,,,,,,,,,,,,,,,,,,,,,,,,,,,,,,,,,,,,,,,,,,,,,,,,,,,,,,,,,,,,,,,,,,,,,,,,,,,,,,,,,,,,,,,,,,,,,,,,,,,,,,,,,,,,,,,,,,,,,,,,,,,,,,,,,,,,,,,,,,,,,,,,,,,,,,,,,,,,,,,,,,,,,,,,,,,,,,,,,,,,,,,,,,,,,,,,,,,,,,,,,,,,,,,,,,,,,,,,,,,,,,,,,,,,,,,,,,,,,,,,,,,,,,,,,,,,,,,,,,,,,,,,,,,,,,,,,,,,,,,,,,,,,,,,,,,,,,,,,,,,,,,,,,,,,,,,,,,,,,,,,,,,,,,,,,,,,,,,,,,,,,,,,,,,,,,,,,,,,,,,,,,,,,,,,,,,,,,,,,,,,,,,,,,,,,,,,,1.0,0.0,0.0,93.0,0.0,1.0,15165296.0,0.0,0.0,15165295.0,0.0,0.0,0.0,0.0,0.0006613970003854774,0.0029613610022352077,0.0,3279.553496832,3279.570399675,3279.554063139,0.0,3279.553983062,3279.570574842,3279.570399005,0.0,0.0,0.0,0.0,0.0
16813699413016774351,0,5e4a09c72949f70c2bab629d3baca2d8,1098494,1624296979,1624301729,49b720c075daa2e6984dfb5d32cf49cf,gpfs,/gpfs/alpine,,,,,,,,,,,,,,,,,,,,,,,,,,,,,,,,,,,,,,,,,,,,,,,,,,,,,,,,,,,,,,,,,,,,,,,,,,,,,,,,,,,,,,,,,,,,,,,,,,,,,,,,,,,,,,,,,,,,,,,,,,,,,,,,,,,,,,,,,,,,,,,,,,,,,,,,,,,,,,,,,,,,,,,,,,,,,,,,,,,,,,,,,,,,,,,,,,,,,,,,,,,,,,,,,,,,,,,,,,,,,,,,,,,,,,,,,,,,,,,,,,,,,,,,,,,,,,,,,,,,,,,,,,,,,,,,,,,,,,,,,,,,,,,,,,,,,,,,,,,,,,,,,,,,,,,,,,,,,,,,,,,,,,,,,,,,,,,,,,,,,,,,,,,,,,,,,,,,,,,,,,,,,,,,,,,,,,,,,,,,,,,,,,,,,,,,,,,,,,,,,,,,,,,,,,,,,,,,,,,,,,,,,,,,,,,,,,,,,,,,,,,,,1.0,0.0,0.0,93.0,0.0,1.0,15164749.0,0.0,0.0,15164748.0,0.0,0.0,0.0,0.0,0.0006460859999606328,0.00289690400040854,0.0,2095.421668262,2095.438672827,2095.422227917,0.0,2095.422150299,2095.438836876,2095.438671803,0.0,0.0,0.0,0.0,0.0
17298887827169508496,0,5e4a09c72949f70c2bab629d3baca2d8,1098494,1624296979,1624301729,c0b299e86b4044518673d2ce26a3e103,gpfs,/gpfs/alpine,,,,,,,,,,,,,,,,,,,,,,,,,,,,,,,,,,,,,,,,,,,,,,,,,,,,,,,,,,,,,,,,,,,,,,,,,,,,,,,,,,,,,,,,,,,,,,,,,,,,,,,,,,,,,,,,,,,,,,,,,,,,,,,,,,,,,,,,,,,,,,,,,,,,,,,,,,,,,,,,,,,,,,,,,,,,,,,,,,,,,,,,,,,,,,,,,,,,,,,,,,,,,,,,,,,,,,,,,,,,,,,,,,,,,,,,,,,,,,,,,,,,,,,,,,,,,,,,,,,,,,,,,,,,,,,,,,,,,,,,,,,,,,,,,,,,,,,,,,,,,,,,,,,,,,,,,,,,,,,,,,,,,,,,,,,,,,,,,,,,,,,,,,,,,,,,,,,,,,,,,,,,,,,,,,,,,,,,,,,,,,,,,,,,,,,,,,,,,,,,,,,,,,,,,,,,,,,,,,,,,,,,,,,,,,,,,,,,,,,,,,,,,1.0,0.0,0.0,93.0,0.0,1.0,15164054.0,0.0,0.0,15164053.0,0.0,0.0,0.0,0.0,0.0006810910000183412,0.06013142200001198,0.0,200.41674562,200.491084356,200.417331962,0.0,200.41725582,200.491255247,200.491083528,0.0,0.0,0.0,0.0,0.0
17608293413211129256,0,5e4a09c72949f70c2bab629d3baca2d8,1098494,1624296979,1624301729,fe55fb1462125fd63ebb4dbb8f698a44,gpfs,/gpfs/alpine,,,,,,,,,,,,,,,,,,,,,,,,,,,,,,,,,,,,,,,,,,,,,,,,,,,,,,,,,,,,,,,,,,,,,,,,,,,,,,,,,,,,,,,,,,,,,,,,,,,,,,,,,,,,,,,,,,,,,,,,,,,,,,,,,,,,,,,,,,,,,,,,,,,,,,,,,,,,,,,,,,,,,,,,,,,,,,,,,,,,,,,,,,,,,,,,,,,,,,,,,,,,,,,,,,,,,,,,,,,,,,,,,,,,,,,,,,,,,,,,,,,,,,,,,,,,,,,,,,,,,,,,,,,,,,,,,,,,,,,,,,,,,,,,,,,,,,,,,,,,,,,,,,,,,,,,,,,,,,,,,,,,,,,,,,,,,,,,,,,,,,,,,,,,,,,,,,,,,,,,,,,,,,,,,,,,,,,,,,,,,,,,,,,,,,,,,,,,,,,,,,,,,,,,,,,,,,,,,,,,,,,,,,,,,,,,,,,,,,,,,,,,,1.0,0.0,0.0,93.0,0.0,1.0,15164982.0,0.0,0.0,15164981.0,0.0,0.0,0.0,0.0,0.0006683189994873828,0.0028510630036180373,0.0,4416.380553776,4416.397408285,4416.381129285,0.0,4416.381052606,4416.397577774,4416.397407655,0.0,0.0,0.0,0.0,0.0
17747144188421688948,0,5e4a09c72949f70c2bab629d3baca2d8,1098494,1624296979,1624301729,c3de1ca3e192ac6a5203ca9bf5b7a251,gpfs,/gpfs/alpine,,,,,,,,,,,,,,,,,,,,,,,,,,,,,,,,,,,,,,,,,,,,,,,,,,,,,,,,,,,,,,,,,,,,,,,,,,,,,,,,,,,,,,,,,,,,,,,,,,,,,,,,,,,,,,,,,,,,,,,,,,,,,,,,,,,,,,,,,,,,,,,,,,,,,,,,,,,,,,,,,,,,,,,,,,,,,,,,,,,,,,,,,,,,,,,,,,,,,,,,,,,,,,,,,,,,,,,,,,,,,,,,,,,,,,,,,,,,,,,,,,,,,,,,,,,,,,,,,,,,,,,,,,,,,,,,,,,,,,,,,,,,,,,,,,,,,,,,,,,,,,,,,,,,,,,,,,,,,,,,,,,,,,,,,,,,,,,,,,,,,,,,,,,,,,,,,,,,,,,,,,,,,,,,,,,,,,,,,,,,,,,,,,,,,,,,,,,,,,,,,,,,,,,,,,,,,,,,,,,,,,,,,,,,,,,,,,,,,,,,,,,,,1.0,0.0,412.0,0.0,0.0,0.0,0.0,46001582.0,46001581.0,0.0,0.0,0.0,0.0,0.0,0.0014209189999991878,0.0,0.014747028999980927,9.570836556,9.667014145,0.0,9.572199473,9.572185128,9.667086492,0.0,9.666165993,0.0,0.0,0.0,0.0
17785708564951261248,0,5e4a09c72949f70c2bab629d3baca2d8,1098494,1624296979,1624301729,4fa50952891b24ac2c632faf7c255e4b,gpfs,/gpfs/alpine,,,,,,,,,,,,,,,,,,,,,,,,,,,,,,,,,,,,,,,,,,,,,,,,,,,,,,,,,,,,,,,,,,,,,,,,,,,,,,,,,,,,,,,,,,,,,,,,,,,,,,,,,,,,,,,,,,,,,,,,,,,,,,,,,,,,,,,,,,,,,,,,,,,,,,,,,,,,,,,,,,,,,,,,,,,,,,,,,,,,,,,,,,,,,,,,,,,,,,,,,,,,,,,,,,,,,,,,,,,,,,,,,,,,,,,,,,,,,,,,,,,,,,,,,,,,,,,,,,,,,,,,,,,,,,,,,,,,,,,,,,,,,,,,,,,,,,,,,,,,,,,,,,,,,,,,,,,,,,,,,,,,,,,,,,,,,,,,,,,,,,,,,,,,,,,,,,,,,,,,,,,,,,,,,,,,,,,,,,,,,,,,,,,,,,,,,,,,,,,,,,,,,,,,,,,,,,,,,,,,,,,,,,,,,,,,,,,,,,,,,,,,,1.0,0.0,0.0,93.0,0.0,1.0,15163076.0,0.0,0.0,15163075.0,0.0,0.0,0.0,0.0,0.0006166899997879227,0.002891426000815045,0.0,1337.437385287,1337.454321306,1337.437937109,0.0,1337.437848512,1337.454474771,1337.45432072,0.0,0.0,0.0,0.0,0.0
17854920545985155643,0,5e4a09c72949f70c2bab629d3baca2d8,1098494,1624296979,1624301729,e08888dccd804df698d68cf2a4437371,gpfs,/gpfs/alpine,,,,,,,,,,,,,,,,,,,,,,,,,,,,,,,,,,,,,,,,,,,,,,,,,,,,,,,,,,,,,,,,,,,,,,,,,,,,,,,,,,,,,,,,,,,,,,,,,,,,,,,,,,,,,,,,,,,,,,,,,,,,,,,,,,,,,,,,,,,,,,,,,,,,,,,,,,,,,,,,,,,,,,,,,,,,,,,,,,,,,,,,,,,,,,,,,,,,,,,,,,,,,,,,,,,,,,,,,,,,,,,,,,,,,,,,,,,,,,,,,,,,,,,,,,,,,,,,,,,,,,,,,,,,,,,,,,,,,,,,,,,,,,,,,,,,,,,,,,,,,,,,,,,,,,,,,,,,,,,,,,,,,,,,,,,,,,,,,,,,,,,,,,,,,,,,,,,,,,,,,,,,,,,,,,,,,,,,,,,,,,,,,,,,,,,,,,,,,,,,,,,,,,,,,,,,,,,,,,,,,,,,,,,,,,,,,,,,,,,,,,,,,1.0,0.0,0.0,93.0,0.0,1.0,15164163.0,0.0,0.0,15164162.0,0.0,0.0,0.0,0.0,0.0006671379996987525,0.002871260002393683,0.0,2711.151095989,2711.168094915,2711.151681293,0.0,2711.151603237,2711.168254805,2711.168094281,0.0,0.0,0.0,0.0,0.0
18104853467363244010,0,5e4a09c72949f70c2bab629d3baca2d8,1098494,1624296979,1624301729,2893709f3d7bd0e79bf795f4668cbff9,gpfs,/gpfs/alpine,,,,,,,,,,,,,,,,,,,,,,,,,,,,,,,,,,,,,,,,,,,,,,,,,,,,,,,,,,,,,,,,,,,,,,,,,,,,,,,,,,,,,,,,,,,,,,,,,,,,,,,,,,,,,,,,,,,,,,,,,,,,,,,,,,,,,,,,,,,,,,,,,,,,,,,,,,,,,,,,,,,,,,,,,,,,,,,,,,,,,,,,,,,,,,,,,,,,,,,,,,,,,,,,,,,,,,,,,,,,,,,,,,,,,,,,,,,,,,,,,,,,,,,,,,,,,,,,,,,,,,,,,,,,,,,,,,,,,,,,,,,,,,,,,,,,,,,,,,,,,,,,,,,,,,,,,,,,,,,,,,,,,,,,,,,,,,,,,,,,,,,,,,,,,,,,,,,,,,,,,,,,,,,,,,,,,,,,,,,,,,,,,,,,,,,,,,,,,,,,,,,,,,,,,,,,,,,,,,,,,,,,,,,,,,,,,,,,,,,,,,,,,1.0,0.0,0.0,93.0,0.0,1.0,15162311.0,0.0,0.0,15162310.0,0.0,0.0,0.0,0.0,0.0006581879999885132,0.002918658000680807,0.0,1621.677909346,1621.694901773,1621.678481464,0.0,1621.678405284,1621.695064023,1621.694901167,0.0,0.0,0.0,0.0,0.0
15920181672442173319,-1,5e4a09c72949f70c2bab629d3baca2d8,1098494,1624296979,1624301729,1f51c73eef4ce3c1e91617bd41f9aa51,UNKNOWN,UNKNOWN,,,,,,,,,,,,,,,,,,,,,,,,,,,,,,,,,,,,,,,,,,,,,,,,,,,,,,,,,,,,,,,,,,,,,,,,,,,,,,,,,,,,,,,,,,,,,,,,,,,,,,,,,,,,,,,,,,,,,,,,,,,,,,,,,,,,,,,,,,,,,,,,,,,,,,,,,,,,,,,,,,,,,,,,,,,,,,,,,,,,,,,,,,,,,,,,,,,,,,,,,,,,,,,,,,,,,,,,,,,,,,,,,,,,,,,,,,,,,,,,,,,,,,,,,,,,,,,,,,,,,,,,,,,,,,,,,,,,,,,,,,,,,,,,,,,,,,,,,,,,,,,,,,,,,,,,,,,,,,,,,,,,,,,,,,,,,,,,,,,,,,,,,,,,,,,,,,,,,,,,,,,,,,,,,,,,,,,,,,,,,,,,,,,,,,,,,,,,,,,,,,,,,,,,,,,,,,,,,,,,,,,,,,,,,,,,,,,,,,,,,,,,,84.0,0.0,0.0,397.0,0.0,86.0,15978.0,0.0,0.0,15977.0,1.0,0.0,0.0,15978.0,0.0,0.0005531719973821403,0.0,0.0,0.0,0.00677909600000004,0.0,0.0,0.0,4749.997464271,0.0,0.0,0.0005531719973821403,3.5994810758337542e-09,3003062.3826530613
